X,Y,Z
# Scan parameters: Height: 100cm, Layer height: 0.50cm
# Data points below:
1.902,0.000,0.000
2.078,0.008,0.000
2.685,0.021,0.000
2.667,0.031,0.000
1.902,0.030,0.000
2.155,0.042,0.000
2.097,0.049,0.000
2.077,0.057,0.000
2.683,0.084,0.000
2.700,0.095,0.000
2.115,0.083,0.000
2.096,0.091,0.000
2.076,0.098,0.000
2.646,0.135,0.000
2.302,0.127,0.000
2.113,0.125,0.000
2.074,0.130,0.000
2.131,0.142,0.000
2.015,0.143,0.000
2.589,0.194,0.000
2.186,0.172,0.000
2.071,0.171,0.000
2.070,0.179,0.000
2.108,0.191,0.000
2.258,0.213,0.000
2.049,0.202,0.000
2.087,0.214,0.000
2.067,0.220,0.000
2.085,0.230,0.000
1.949,0.223,0.000
2.083,0.247,0.000
2.082,0.255,0.000
2.043,0.258,0.000
2.061,0.269,0.000
2.643,0.355,0.000
2.590,0.358,0.000
2.057,0.293,0.000
2.056,0.301,0.000
2.074,0.312,0.000
2.035,0.314,0.000
2.652,0.420,0.000
2.089,0.339,0.000
2.648,0.441,0.000
2.049,0.349,0.000
2.047,0.357,0.000
2.065,0.369,0.000
2.006,0.366,0.000
2.043,0.381,0.000
2.637,0.503,0.000
2.059,0.401,0.000
2.057,0.409,0.000
2.037,0.413,0.000
2.646,0.548,0.000
1.861,0.393,0.000
2.032,0.437,0.000
2.622,0.575,0.000
2.009,0.449,0.000
2.026,0.461,0.000
1.911,0.443,0.000
2.041,0.482,0.000
1.964,0.472,0.000
2.038,0.498,0.000
1.846,0.458,0.000
2.052,0.518,0.000
2.032,0.522,0.000
1.802,0.470,0.000
1.858,0.493,0.000
1.856,0.500,0.000
1.911,0.523,0.000
1.965,0.546,0.000
2.000,0.564,0.000
2.017,0.577,0.000
2.578,0.749,0.000
2.575,0.759,0.000
1.822,0.545,0.000
1.970,0.598,0.000
1.968,0.605,0.000
1.965,0.613,0.000
1.981,0.627,0.000
1.905,0.611,0.000
1.995,0.648,0.000
1.825,0.601,0.000
1.971,0.658,0.000
1.839,0.622,0.000
1.948,0.667,0.000
1.872,0.649,0.000
1.943,0.682,0.000
1.940,0.690,0.000
1.992,0.717,0.000
1.843,0.672,0.000
1.858,0.686,0.000
1.800,0.672,0.000
1.723,0.651,0.000
2.409,0.921,0.000
2.355,0.911,0.000
1.771,0.693,0.000
1.896,0.751,0.000
1.784,0.714,0.000
1.781,0.721,0.000
2.320,0.950,0.000
2.333,0.966,0.000
1.952,0.818,0.000
1.770,0.749,0.000
1.839,0.787,0.000
1.782,0.771,0.000
1.761,0.770,0.000
1.901,0.840,0.000
1.880,0.840,0.000
2.318,1.047,0.000
1.712,0.781,0.000
1.763,0.813,0.000
1.742,0.811,0.000
1.739,0.818,0.000
1.736,0.825,0.000
2.293,1.101,0.000
2.272,1.102,0.000
1.708,0.837,0.000
1.722,0.852,0.000
1.876,0.938,0.000
1.716,0.866,0.000
1.695,0.863,0.000
1.691,0.870,0.000
1.827,0.949,0.000
1.702,0.893,0.000
1.820,0.963,0.000
1.850,0.989,0.000
2.175,1.173,0.000
1.688,0.919,0.000
1.719,0.945,0.000
1.680,0.932,0.000
1.659,0.929,0.000
1.809,1.023,0.000
1.669,0.952,0.000
1.631,0.939,0.000
1.662,0.965,0.000
1.793,1.051,0.000
1.637,0.968,0.000
2.168,1.294,0.000
2.117,1.275,0.000
1.626,0.987,0.000
1.655,1.014,0.000
1.635,1.011,0.000
1.631,1.017,0.000
1.627,1.023,0.000
1.623,1.030,0.000
1.568,1.004,0.000
2.136,1.379,0.000
1.610,1.049,0.000
1.606,1.055,0.000
1.602,1.061,0.000
1.744,1.165,0.000
1.594,1.074,0.000
1.655,1.124,0.000
1.585,1.086,0.000
2.077,1.436,0.000
2.057,1.434,0.000
1.556,1.094,0.000
1.535,1.088,0.000
2.156,1.540,0.000
2.034,1.466,0.000
1.555,1.130,0.000
1.566,1.147,0.000
1.562,1.153,0.000
2.195,1.635,0.000
1.844,1.384,0.000
1.579,1.196,0.000
1.559,1.190,0.000
1.507,1.160,0.000
2.009,1.559,0.000
1.989,1.556,0.000
1.494,1.177,0.000
1.520,1.208,0.000
1.531,1.226,0.000
1.510,1.220,0.000
1.490,1.213,0.000
1.966,1.613,0.000
1.465,1.212,0.000
1.430,1.193,0.000
1.471,1.237,0.000
1.466,1.242,0.000
1.461,1.248,0.000
1.456,1.254,0.000
1.451,1.260,0.000
1.914,1.674,0.000
1.442,1.271,0.000
1.422,1.263,0.000
1.431,1.282,0.000
1.441,1.301,0.000
1.407,1.280,0.000
1.848,1.695,0.000
1.854,1.714,0.000
1.392,1.296,0.000
1.386,1.302,0.000
1.381,1.307,0.000
1.318,1.258,0.000
1.820,1.750,0.000
1.352,1.310,0.000
1.375,1.343,0.000
1.384,1.362,0.000
1.350,1.340,0.000
1.524,1.524,0.000
1.753,1.767,0.000
1.444,1.467,0.000
1.343,1.375,0.000
1.337,1.380,0.000
1.291,1.342,0.000
1.381,1.447,0.000
1.481,1.565,0.000
1.409,1.501,0.000
1.417,1.521,0.000
1.291,1.397,0.000
1.826,1.991,0.000
1.320,1.451,0.000
1.261,1.397,0.000
1.721,1.921,0.000
1.617,1.820,0.000
1.775,2.014,0.000
1.368,1.564,0.000
1.362,1.570,0.000
1.292,1.501,0.000
1.675,1.961,0.000
1.747,2.062,0.000
1.325,1.576,0.000
1.356,1.626,0.000
1.337,1.616,0.000
1.486,1.811,0.000
1.583,1.944,0.000
1.306,1.617,0.000
1.323,1.652,0.000
1.293,1.627,0.000
1.287,1.632,0.000
1.232,1.576,0.000
1.286,1.657,0.000
1.267,1.647,0.000
1.629,2.134,0.000
1.231,1.626,0.000
1.259,1.677,0.000
1.253,1.682,0.000
1.223,1.656,0.000
1.566,2.137,0.000
1.222,1.681,0.000
1.204,1.670,0.000
1.140,1.596,0.000
1.213,1.711,0.000
1.206,1.716,0.000
1.177,1.689,0.000
1.182,1.710,0.000
1.207,1.762,0.000
1.489,2.191,0.000
1.151,1.707,0.000
1.187,1.776,0.000
1.137,1.716,0.000
1.141,1.737,0.000
1.134,1.741,0.000
1.127,1.746,0.000
1.120,1.750,0.000
1.103,1.738,0.000
1.107,1.759,0.000
1.100,1.763,0.000
1.083,1.751,0.000
1.116,1.821,0.000
1.099,1.809,0.000
1.394,2.315,0.000
0.964,1.616,0.000
1.058,1.789,0.000
0.952,1.624,0.000
1.044,1.797,0.000
1.037,1.801,0.000
0.923,1.617,0.000
1.032,1.826,0.000
0.939,1.677,0.000
1.018,1.834,0.000
0.964,1.753,0.000
0.891,1.635,0.000
0.913,1.691,0.000
0.897,1.677,0.000
0.890,1.681,0.000
0.911,1.737,0.000
1.156,2.225,0.000
0.906,1.761,0.000
1.219,2.392,0.000
0.866,1.716,0.000
0.850,1.701,0.000
1.120,2.263,0.000
0.845,1.726,0.000
1.102,2.272,0.000
0.900,1.873,0.000
0.817,1.718,0.000
1.090,2.317,0.000
0.786,1.688,0.000
0.805,1.745,0.000
1.056,2.314,0.000
0.791,1.751,0.000
0.784,1.755,0.000
0.785,1.776,0.000
0.762,1.742,0.000
0.771,1.782,0.000
0.748,1.748,0.000
0.757,1.788,0.000
0.735,1.754,0.000
0.735,1.775,0.000
0.853,2.082,0.000
0.714,1.763,0.000
0.714,1.784,0.000
0.693,1.750,0.000
0.700,1.790,0.000
0.701,1.811,0.000
0.934,2.442,0.000
0.880,2.328,0.000
0.665,1.782,0.000
0.665,1.803,0.000
0.631,1.731,0.000
0.651,1.808,0.000
0.637,1.792,0.000
0.617,1.757,0.000
0.636,1.834,0.000
0.812,2.372,0.000
0.665,1.969,0.000
0.799,2.395,0.000
0.607,1.844,0.000
0.606,1.865,0.000
0.640,1.997,0.000
0.695,2.198,0.000
0.566,1.816,0.000
0.565,1.837,0.000
0.558,1.839,0.000
0.573,1.917,0.000
0.719,2.439,0.000
0.525,1.807,0.000
0.529,1.848,0.000
0.522,1.850,0.000
0.541,1.946,0.000
0.507,1.854,0.000
0.495,1.836,0.000
0.482,1.819,0.000
0.525,2.011,0.000
0.507,1.975,0.000
0.475,1.882,0.000
0.651,2.622,0.000
0.465,1.905,0.000
0.485,2.021,0.000
0.428,1.812,0.000
0.469,2.025,0.000
0.470,2.064,0.000
0.453,2.028,0.000
0.445,2.030,0.000
0.396,1.840,0.000
0.433,2.052,0.000
0.398,1.920,0.000
0.386,1.903,0.000
0.402,2.019,0.000
0.394,2.021,0.000
0.503,2.637,0.000
0.381,2.043,0.000
0.373,2.044,0.000
0.355,1.989,0.000
0.357,2.047,0.000
0.346,2.030,0.000
0.338,2.031,0.000
0.308,1.897,0.000
0.423,2.669,0.000
0.320,2.073,0.000
0.303,2.017,0.000
0.301,2.056,0.000
0.287,2.019,0.000
0.290,2.097,0.000
0.271,2.021,0.000
0.271,2.080,0.000
0.260,2.062,0.000
0.255,2.082,0.000
0.247,2.083,0.000
0.236,2.065,0.000
0.228,2.066,0.000
0.220,2.067,0.000
0.212,2.067,0.000
0.204,2.068,0.000
0.192,2.030,0.000
0.194,2.146,0.000
0.178,2.051,0.000
0.173,2.090,0.000
0.163,2.072,0.000
0.198,2.642,0.000
0.151,2.131,0.000
0.140,2.093,0.000
0.132,2.093,0.000
0.119,2.016,0.000
0.114,2.075,0.000
0.107,2.095,0.000
0.099,2.095,0.000
0.092,2.134,0.000
0.082,2.096,0.000
0.073,2.077,0.000
0.065,2.077,0.000
0.058,2.097,0.000
0.049,2.058,0.000
0.041,2.078,0.000
0.033,2.078,0.000
0.028,2.398,0.000
0.016,2.078,0.000
0.008,2.078,0.000
-0.000,2.039,0.000
-0.008,2.059,0.000
-0.016,2.097,0.000
-0.032,2.684,0.000
-0.042,2.684,0.000
-0.052,2.667,0.000
-0.049,2.097,0.000
-0.058,2.097,0.000
-0.065,2.077,0.000
-0.094,2.665,0.000
-0.082,2.096,0.000
-0.091,2.096,0.000
-0.106,2.247,0.000
-0.106,2.076,0.000
-0.115,2.094,0.000
-0.123,2.094,0.000
-0.129,2.055,0.000
-0.140,2.093,0.000
-0.147,2.073,0.000
-0.156,2.092,0.000
-0.160,2.033,0.000
-0.221,2.675,0.000
-0.181,2.090,0.000
-0.191,2.108,0.000
-0.197,2.088,0.000
-0.207,2.107,0.000
-0.212,2.067,0.000
-0.220,2.067,0.000
-0.228,2.066,0.000
-0.238,2.084,0.000
-0.237,2.006,0.000
-0.259,2.120,0.000
-0.253,2.004,0.000
-0.271,2.080,0.000
-0.282,2.098,0.000
-0.285,2.059,0.000
-0.290,2.038,0.000
-0.298,2.037,0.000
-0.315,2.093,0.000
-0.323,2.092,0.000
-0.328,2.072,0.000
-0.336,2.070,0.000
-0.341,2.050,0.000
-0.353,2.068,0.000
-0.357,2.047,0.000
-0.395,2.215,0.000
-0.394,2.157,0.000
-0.381,2.043,0.000
-0.422,2.210,0.000
-0.394,2.021,0.000
-0.409,2.057,0.000
-0.413,2.037,0.000
-0.425,2.054,0.000
-0.425,2.014,0.000
-0.437,2.032,0.000
-0.458,2.086,0.000
-0.499,2.232,0.000
-0.508,2.230,0.000
-0.465,2.006,0.000
-0.473,2.004,0.000
-0.485,2.021,0.000
-0.678,2.775,0.000
-0.685,2.756,0.000
-0.556,2.199,0.000
-0.559,2.179,0.000
-0.568,2.177,0.000
-0.661,2.493,0.000
-0.694,2.575,0.000
-0.763,2.788,0.000
-0.551,1.984,0.000
-0.606,2.147,0.000
-0.577,2.017,0.000
-0.574,1.977,0.000
-0.631,2.140,0.000
-0.595,1.991,0.000
-0.779,2.569,0.000
-0.662,2.150,0.000
-0.625,2.002,0.000
-0.678,2.145,0.000
-0.698,2.178,0.000
-0.689,2.122,0.000
-0.709,2.155,0.000
-0.718,2.152,0.000
-0.732,2.167,0.000
-0.692,2.021,0.000
-0.749,2.161,0.000
-0.752,2.140,0.000
-0.754,2.120,0.000
-0.968,2.688,0.000
-0.972,2.668,0.000
-0.989,2.680,0.000
-0.780,2.090,0.000
-0.808,2.140,0.000
-0.810,2.119,0.000
-0.818,2.116,0.000
-0.827,2.112,0.000
-0.821,2.074,0.000
-0.829,2.071,0.000
-0.893,2.206,0.000
-0.860,2.099,0.000
-1.074,2.592,0.000
-0.862,2.058,0.000
-0.877,2.072,0.000
-0.885,2.068,0.000
-0.893,2.065,0.000
-0.902,2.061,0.000
-0.910,2.058,0.000
-0.910,2.037,0.000
-0.949,2.102,0.000
-0.926,2.030,0.000
-0.942,2.043,0.000
-1.185,2.543,0.000
-1.150,2.445,0.000
-1.234,2.595,0.000
-0.966,2.011,0.000
-0.974,2.007,0.000
-1.023,2.087,0.000
-0.998,2.016,0.000
-0.989,1.979,0.000
-1.022,2.025,0.000
-1.013,1.988,0.000
-1.038,2.017,0.000
-1.037,1.996,0.000
-1.036,1.976,0.000
-1.008,1.905,0.000
-1.034,1.934,0.000
-1.086,2.013,0.000
-1.076,1.976,0.000
-1.093,1.988,0.000
-1.101,1.984,0.000
-1.090,1.946,0.000
-1.098,1.942,0.000
-1.115,1.954,0.000
-1.122,1.950,0.000
-1.418,2.441,0.000
-1.138,1.941,0.000
-1.145,1.936,0.000
-1.162,1.948,0.000
-1.151,1.911,0.000
-1.465,2.413,0.000
-1.430,2.334,0.000
-1.502,2.430,0.000
-1.181,1.893,0.000
-1.198,1.904,0.000
-1.205,1.899,0.000
-1.522,2.377,0.000
-1.220,1.890,0.000
-1.207,1.854,0.000
-1.225,1.865,0.000
-1.243,1.875,0.000
-1.250,1.871,0.000
-1.340,1.989,0.000
-1.338,1.968,0.000
-1.282,1.871,0.000
-1.290,1.866,0.000
-1.682,2.413,0.000
-1.633,2.323,0.000
-1.720,2.427,0.000
-1.384,1.936,0.000
-1.326,1.840,0.000
-1.322,1.820,0.000
-1.748,2.386,0.000
-1.337,1.810,0.000
-1.676,2.250,0.000
-1.429,1.903,0.000
-1.335,1.764,0.000
-1.477,1.935,0.000
-1.763,2.291,0.000
-1.447,1.866,0.000
-1.363,1.742,0.000
-1.485,1.883,0.000
-1.840,2.316,0.000
-1.849,2.308,0.000
-1.541,1.908,0.000
-1.503,1.846,0.000
-1.510,1.840,0.000
-1.540,1.862,0.000
-1.873,2.246,0.000
-1.805,2.148,0.000
-1.466,1.731,0.000
-1.546,1.810,0.000
-1.588,1.845,0.000
-1.572,1.811,0.000
-1.530,1.750,0.000
-1.586,1.799,0.000
-1.593,1.793,0.000
-1.588,1.773,0.000
-1.607,1.780,0.000
-1.663,1.828,0.000
-1.999,2.180,0.000
-2.019,2.184,0.000
-1.635,1.755,0.000
-1.654,1.762,0.000
-2.067,2.184,0.000
-2.053,2.152,0.000
-1.675,1.742,0.000
-1.656,1.709,0.000
-1.650,1.689,0.000
-1.682,1.709,0.000
-1.689,1.702,0.000
-1.722,1.722,0.000
-1.702,1.689,0.000
-1.722,1.695,0.000
-1.755,1.714,0.000
-1.735,1.682,0.000
-1.755,1.687,0.000
-1.775,1.693,0.000
-1.742,1.649,0.000
-1.748,1.642,0.000
-1.768,1.647,0.000
-1.801,1.665,0.000
-1.754,1.609,0.000
-1.774,1.614,0.000
-1.780,1.607,0.000
-1.786,1.600,0.000
-1.779,1.581,0.000
-1.813,1.598,0.000
-1.791,1.567,0.000
-1.797,1.560,0.000
-1.845,1.588,0.000
-1.851,1.581,0.000
-1.830,1.550,0.000
-1.864,1.567,0.000
-1.842,1.536,0.000
-2.305,1.907,0.000
-2.116,1.736,0.000
-2.320,1.888,0.000
-1.880,1.518,0.000
-1.872,1.499,0.000
-2.316,1.840,0.000
-1.898,1.496,0.000
-1.932,1.511,0.000
-1.909,1.481,0.000
-1.901,1.462,0.000
-2.338,1.784,0.000
-2.385,1.805,0.000
-2.561,1.923,0.000
-1.923,1.432,0.000
-1.929,1.425,0.000
-1.920,1.406,0.000
-2.420,1.758,0.000
-2.413,1.739,0.000
-1.951,1.394,0.000
-1.957,1.387,0.000
-1.962,1.379,0.000
-2.344,1.634,0.000
-2.406,1.663,0.000
-1.963,1.345,0.000
-1.968,1.338,0.000
-1.974,1.330,0.000
-1.994,1.332,0.000
-2.194,1.454,0.000
-1.927,1.266,0.000
-2.010,1.309,0.000
-2.015,1.301,0.000
-2.035,1.303,0.000
-2.511,1.594,0.000
-2.045,1.287,0.000
-2.050,1.279,0.000
-2.558,1.582,0.000
-2.717,1.665,0.000
-2.234,1.357,0.000
-2.562,1.543,0.000
-2.737,1.633,0.000
-2.080,1.230,0.000
-2.240,1.313,0.000
-2.261,1.313,0.000
-2.748,1.582,0.000
-2.613,1.490,0.000
-2.604,1.472,0.000
-2.281,1.277,0.000
-2.113,1.172,0.000
-2.165,1.190,0.000
-2.813,1.532,0.000
-2.819,1.521,0.000
-2.099,1.122,0.000
-2.136,1.131,0.000
-2.530,1.327,0.000
-2.828,1.469,0.000
-2.495,1.284,0.000
-2.153,1.097,0.000
-2.157,1.089,0.000
-2.339,1.169,0.000
-2.149,1.064,0.000
-2.833,1.388,0.000
-2.838,1.377,0.000
-2.341,1.124,0.000
-2.377,1.130,0.000
-2.869,1.350,0.000
-2.889,1.345,0.000
-2.406,1.109,0.000
-2.165,0.988,0.000
-2.447,1.105,0.000
-2.419,1.081,0.000
-2.193,0.970,0.000
-2.920,1.277,0.000
-2.865,1.240,0.000
-2.719,1.164,0.000
-2.407,1.019,0.000
-2.161,0.905,0.000
-2.448,1.014,0.000
-2.436,0.998,0.000
-2.390,0.968,0.000
-2.209,0.885,0.000
-2.447,0.969,0.000
-2.484,0.972,0.000
-2.487,0.962,0.000
-2.962,1.132,0.000
-2.966,1.121,0.000
-2.596,0.969,0.000
-2.453,0.905,0.000
-2.236,0.815,0.000
-2.460,0.886,0.000
-2.447,0.870,0.000
-2.483,0.872,0.000
-2.470,0.857,0.000
-2.507,0.858,0.000
-2.510,0.848,0.000
-2.513,0.839,0.000
-3.027,0.997,0.000
-3.031,0.985,0.000
-3.035,0.973,0.000
-2.526,0.799,0.000
-2.546,0.794,0.000
-2.532,0.779,0.000
-2.502,0.759,0.000
-2.522,0.754,0.000
-2.979,0.878,0.000
-2.856,0.830,0.000
-3.033,0.868,0.000
-3.082,0.869,0.000
-2.553,0.709,0.000
-2.505,0.685,0.000
-2.541,0.685,0.000
-3.034,0.804,0.000
-3.083,0.805,0.000
-2.566,0.659,0.000
-2.552,0.645,0.000
-2.554,0.634,0.000
-2.986,0.729,0.000
-2.576,0.619,0.000
-2.562,0.604,0.000
-2.564,0.594,0.000
-2.566,0.584,0.000
-2.586,0.578,0.000
-2.605,0.572,0.000
-2.573,0.554,0.000
-2.558,0.540,0.000
-2.577,0.534,0.000
-2.579,0.524,0.000
-2.581,0.513,0.000
-2.354,0.459,0.000
-2.585,0.493,0.000
-2.570,0.480,0.000
-2.589,0.473,0.000
-2.556,0.456,0.000
-3.028,0.528,0.000
-3.157,0.538,0.000
-3.421,0.569,0.000
-2.615,0.425,0.000
-2.582,0.409,0.000
-2.584,0.399,0.000
-2.603,0.391,0.000
-2.604,0.381,0.000
-2.606,0.371,0.000
-2.607,0.361,0.000
-2.609,0.350,0.000
-2.610,0.340,0.000
-2.611,0.330,0.000
-3.163,0.387,0.000
-2.579,0.305,0.000
-2.597,0.297,0.000
-2.616,0.289,0.000
-2.600,0.277,0.000
-2.618,0.268,0.000
-2.619,0.258,0.000
-2.585,0.244,0.000
-2.639,0.239,0.000
-2.640,0.229,0.000
-2.588,0.214,0.000
-2.624,0.206,0.000
-3.178,0.238,0.000
-2.625,0.186,0.000
-2.626,0.176,0.000
-3.212,0.202,0.000
-3.181,0.188,0.000
-3.214,0.177,0.000
-3.167,0.162,0.000
-2.594,0.122,0.000
-2.647,0.114,0.000
-2.683,0.105,0.000
-2.595,0.092,0.000
-2.648,0.083,0.000
-2.631,0.072,0.000
-2.596,0.061,0.000
-2.631,0.052,0.000
-3.170,0.050,0.000
-2.632,0.031,0.000
-2.614,0.021,0.000
-2.614,0.010,0.000
-2.632,-0.000,0.000
-2.667,-0.010,0.000
-3.187,-0.025,0.000
-2.614,-0.031,0.000
-2.632,-0.041,0.000
-3.218,-0.063,0.000
-3.170,-0.075,0.000
-3.137,-0.086,0.000
-2.648,-0.083,0.000
-2.613,-0.092,0.000
-3.200,-0.126,0.000
-3.184,-0.138,0.000
-3.167,-0.149,0.000
-2.646,-0.135,0.000
-2.610,-0.144,0.000
-2.574,-0.152,0.000
-2.556,-0.161,0.000
-2.608,-0.174,0.000
-2.608,-0.185,0.000
-3.178,-0.238,0.000
-3.161,-0.249,0.000
-2.623,-0.217,0.000
-2.622,-0.227,0.000
-3.142,-0.285,0.000
-2.620,-0.248,0.000
-2.672,-0.263,0.000
-2.636,-0.270,0.000
-2.547,-0.271,0.000
-2.651,-0.293,0.000
-2.597,-0.297,0.000
-2.596,-0.307,0.000
-2.595,-0.317,0.000
-2.594,-0.328,0.000
-2.592,-0.338,0.000
-2.573,-0.346,0.000
-2.607,-0.361,0.000
-2.606,-0.371,0.000
-2.622,-0.384,0.000
-2.741,-0.412,0.000
-2.619,-0.404,0.000
-2.600,-0.412,0.000
-2.615,-0.425,0.000
-2.614,-0.435,0.000
-3.141,-0.536,0.000
-3.108,-0.542,0.000
-2.591,-0.463,0.000
-2.572,-0.470,0.000
-2.500,-0.467,0.000
-2.585,-0.493,0.000
-2.496,-0.486,0.000
-2.581,-0.513,0.000
-3.107,-0.631,0.000
-2.577,-0.534,0.000
-2.506,-0.529,0.000
-2.590,-0.558,0.000
-2.673,-0.587,0.000
-3.110,-0.695,0.000
-2.601,-0.592,0.000
-2.581,-0.598,0.000
-3.102,-0.732,0.000
-2.559,-0.614,0.000
-2.540,-0.620,0.000
-3.077,-0.764,0.000
-2.586,-0.653,0.000
-2.600,-0.668,0.000
-2.547,-0.665,0.000
-2.544,-0.675,0.000
-2.676,-0.721,0.000
-2.539,-0.695,0.000
-2.553,-0.709,0.000
-2.550,-0.719,0.000
-2.614,-0.748,0.000
-2.527,-0.734,0.000
-2.508,-0.739,0.000
-2.522,-0.754,0.000
-2.734,-0.829,0.000
-3.061,-0.942,0.000
-2.579,-0.805,0.000
-2.526,-0.799,0.000
-3.050,-0.978,0.000
-2.503,-0.813,0.000
-2.517,-0.829,0.000
-2.429,-0.810,0.000
-2.625,-0.887,0.000
-2.654,-0.909,0.000
-2.503,-0.868,0.000
-2.500,-0.878,0.000
-2.480,-0.882,0.000
-2.443,-0.880,0.000
-2.473,-0.901,0.000
-2.535,-0.935,0.000
-3.119,-1.165,0.000
-3.011,-1.138,0.000
-2.425,-0.927,0.000
-2.633,-1.019,0.000
-2.581,-1.010,0.000
-2.447,-0.969,0.000
-2.460,-0.985,0.000
-2.569,-1.040,0.000
-2.580,-1.057,0.000
-2.576,-1.067,0.000
-2.395,-1.003,0.000
-2.504,-1.060,0.000
-2.420,-1.036,0.000
-3.027,-1.310,0.000
-3.050,-1.334,0.000
-2.535,-1.121,0.000
-2.924,-1.306,0.000
-2.526,-1.140,0.000
-2.521,-1.150,0.000
-2.995,-1.381,0.000
-3.018,-1.406,0.000
-2.381,-1.121,0.000
-2.518,-1.197,0.000
-2.436,-1.170,0.000
-2.352,-1.141,0.000
-2.504,-1.227,0.000
-2.468,-1.221,0.000
-2.448,-1.223,0.000
-2.474,-1.248,0.000
-2.454,-1.250,0.000
-2.480,-1.276,0.000
-2.490,-1.293,0.000
-2.454,-1.287,0.000
-2.419,-1.281,0.000
-2.936,-1.569,0.000
-2.875,-1.551,0.000
-2.311,-1.259,0.000
-2.904,-1.596,0.000
-2.897,-1.608,0.000
-2.418,-1.354,0.000
-2.760,-1.560,0.000
-2.437,-1.390,0.000
-2.387,-1.374,0.000
-2.261,-1.313,0.000
-2.450,-1.436,0.000
-2.371,-1.402,0.000
-2.380,-1.420,0.000
-2.374,-1.429,0.000
-2.249,-1.366,0.000
-2.378,-1.457,0.000
-2.357,-1.457,0.000
-2.366,-1.476,0.000
-2.375,-1.494,0.000
-2.354,-1.494,0.000
-2.334,-1.494,0.000
-2.328,-1.503,0.000
-2.322,-1.512,0.000
-2.331,-1.531,0.000
-2.749,-1.821,0.000
-2.174,-1.452,0.000
-2.241,-1.510,0.000
-2.306,-1.567,0.000
-2.300,-1.576,0.000
-2.280,-1.576,0.000
-2.718,-1.895,0.000
-2.139,-1.503,0.000
-2.247,-1.592,0.000
-2.269,-1.621,0.000
-2.220,-1.600,0.000
-2.228,-1.619,0.000
-2.222,-1.628,0.000
-2.215,-1.636,0.000
-2.237,-1.666,0.000
-2.662,-1.999,0.000
-2.070,-1.567,0.000
-2.217,-1.692,0.000
-2.128,-1.637,0.000
-2.190,-1.699,0.000
-2.183,-1.707,0.000
-2.108,-1.662,0.000
-2.060,-1.638,0.000
-2.054,-1.646,0.000
-2.529,-2.042,0.000
-2.459,-2.002,0.000
-2.195,-1.802,0.000
-1.960,-1.621,0.000
-2.142,-1.786,0.000
-2.135,-1.794,0.000
-2.141,-1.814,0.000
-2.531,-2.162,0.000
-2.008,-1.729,0.000
-1.975,-1.713,0.000
-2.086,-1.825,0.000
-2.105,-1.855,0.000
-2.084,-1.852,0.000
-2.090,-1.872,0.000
-2.070,-1.869,0.000
-2.462,-2.241,0.000
-2.042,-1.873,0.000
-2.022,-1.869,0.000
-2.002,-1.866,0.000
-2.020,-1.897,0.000
-1.988,-1.881,0.000
-2.409,-2.298,0.000
-2.297,-2.209,0.000
-1.990,-1.929,0.000
-1.895,-1.851,0.000
-1.963,-1.932,0.000
-1.992,-1.976,0.000
-1.972,-1.972,0.000
-1.964,-1.980,0.000
-2.335,-2.372,0.000
-1.984,-2.032,0.000
-2.317,-2.391,0.000
-1.921,-1.998,0.000
-1.913,-2.005,0.000
-1.905,-2.013,0.000
-1.885,-2.008,0.000
-1.782,-1.913,0.000
-1.869,-2.022,0.000
-2.250,-2.453,0.000
-1.877,-2.063,0.000
-1.764,-1.954,0.000
-1.849,-2.064,0.000
-1.864,-2.097,0.000
-1.741,-1.974,0.000
-2.181,-2.494,0.000
-2.182,-2.514,0.000
-1.853,-2.152,0.000
-1.789,-2.094,0.000
-1.803,-2.128,0.000
-1.772,-2.108,0.000
-1.786,-2.142,0.000
-1.767,-2.135,0.000
-1.758,-2.142,0.000
-1.761,-2.163,0.000
-1.752,-2.169,0.000
-2.072,-2.586,0.000
-1.724,-2.170,0.000
-1.705,-2.163,0.000
-1.718,-2.197,0.000
-1.709,-2.203,0.000
-1.690,-2.196,0.000
-2.020,-2.646,0.000
-1.683,-2.223,0.000
-1.664,-2.216,0.000
-1.666,-2.237,0.000
-1.884,-2.550,0.000
-1.995,-2.723,0.000
-1.516,-2.086,0.000
-1.620,-2.248,0.000
-1.611,-2.255,0.000
-1.542,-2.176,0.000
-1.603,-2.281,0.000
-1.594,-2.288,0.000
-1.902,-2.751,0.000
-1.576,-2.300,0.000
-1.558,-2.292,0.000
-1.772,-2.629,0.000
-1.549,-2.319,0.000
-1.521,-2.296,0.000
-1.531,-2.331,0.000
-1.436,-2.205,0.000
-1.494,-2.314,0.000
-1.409,-2.202,0.000
-1.429,-2.252,0.000
-1.411,-2.243,0.000
-1.374,-2.203,0.000
-1.448,-2.343,0.000
-1.375,-2.244,0.000
-1.439,-2.369,0.000
-1.367,-2.270,0.000
-1.349,-2.260,0.000
-1.313,-2.220,0.000
-1.393,-2.376,0.000
-1.392,-2.396,0.000
-1.304,-2.266,0.000
-1.260,-2.209,0.000
-1.295,-2.291,0.000
-1.277,-2.281,0.000
-1.277,-2.301,0.000
-1.268,-2.306,0.000
-1.284,-2.358,0.000
-1.267,-2.347,0.000
-1.502,-2.810,0.000
-1.484,-2.802,0.000
-1.222,-2.331,0.000
-1.213,-2.336,0.000
-1.458,-2.834,0.000
-1.305,-2.561,0.000
-1.178,-2.334,0.000
-1.169,-2.339,0.000
-1.064,-2.149,0.000
-1.150,-2.348,0.000
-1.149,-2.368,0.000
-1.147,-2.388,0.000
-1.130,-2.377,0.000
-1.143,-2.429,0.000
-1.111,-2.386,0.000
-1.334,-2.894,0.000
-1.100,-2.410,0.000
-1.090,-2.415,0.000
-1.066,-2.387,0.000
-1.196,-2.705,0.000
-0.968,-2.214,0.000
-1.059,-2.448,0.000
-1.043,-2.436,0.000
-1.026,-2.424,0.000
-1.010,-2.411,0.000
-1.007,-2.432,0.000
-0.998,-2.436,0.000
-0.975,-2.407,0.000
-0.979,-2.443,0.000
-0.916,-2.314,0.000
-0.887,-2.267,0.000
-0.943,-2.438,0.000
-0.870,-2.274,0.000
-0.937,-2.478,0.000
-0.839,-2.247,0.000
-0.917,-2.486,0.000
-0.821,-2.253,0.000
-0.812,-2.256,0.000
-0.810,-2.277,0.000
-0.789,-2.245,0.000
-0.885,-2.553,0.000
-0.858,-2.507,0.000
-0.826,-2.443,0.000
-0.833,-2.497,0.000
-0.925,-2.809,0.000
-0.919,-2.829,0.000
-0.743,-2.318,0.000
-0.788,-2.493,0.000
-0.784,-2.513,0.000
-0.705,-2.292,0.000
-0.696,-2.295,0.000
-0.759,-2.538,0.000
-0.734,-2.491,0.000
-0.734,-2.527,0.000
-0.877,-3.064,0.000
-0.861,-3.052,0.000
-0.709,-2.553,0.000
-0.695,-2.539,0.000
-0.689,-2.558,0.000
-0.670,-2.527,0.000
-0.642,-2.461,0.000
-0.601,-2.341,0.000
-0.728,-2.884,0.000
-0.764,-3.077,0.000
-0.625,-2.557,0.000
-0.573,-2.385,0.000
-0.613,-2.596,0.000
-0.594,-2.564,0.000
-0.660,-2.900,0.000
-0.574,-2.569,0.000
-0.510,-2.325,0.000
-0.501,-2.326,0.000
-0.496,-2.346,0.000
-0.534,-2.577,0.000
-0.520,-2.562,0.000
-0.514,-2.581,0.000
-0.507,-2.601,0.000
-0.490,-2.568,0.000
-0.440,-2.357,0.000
-0.473,-2.589,0.000
-0.463,-2.591,0.000
-0.412,-2.362,0.000
-0.439,-2.577,0.000
-0.397,-2.384,0.000
-0.422,-2.598,0.000
-0.409,-2.582,0.000
-0.402,-2.601,0.000
-0.365,-2.426,0.000
-0.347,-2.373,0.000
-0.363,-2.553,0.000
-0.361,-2.607,0.000
-0.317,-2.359,0.000
-0.410,-3.144,0.000
-0.303,-2.397,0.000
-0.322,-2.630,0.000
-0.309,-2.614,0.000
-0.299,-2.615,0.000
-0.263,-2.384,0.000
-0.277,-2.600,0.000
-0.267,-2.601,0.000
-0.239,-2.423,0.000
-0.227,-2.406,0.000
-0.236,-2.604,0.000
-0.227,-2.622,0.000
-0.193,-2.335,0.000
-0.207,-2.624,0.000
-0.180,-2.410,0.000
-0.185,-2.608,0.000
-0.171,-2.555,0.000
-0.156,-2.484,0.000
-0.154,-2.610,0.000
-0.176,-3.198,0.000
-0.164,-3.214,0.000
-0.123,-2.611,0.000
-0.104,-2.396,0.000
-0.104,-2.648,0.000
-0.093,-2.630,0.000
-0.081,-2.560,0.000
-0.070,-2.542,0.000
-0.063,-2.649,0.000
-0.052,-2.631,0.000
-0.038,-2.398,0.000
-0.031,-2.649,0.000
-0.019,-2.398,0.000
-0.009,-2.380,0.000
-0.000,-2.471,0.000
0.009,-2.416,0.000
0.021,-2.685,0.000
0.029,-2.435,0.000
0.038,-2.416,0.000
0.058,-2.974,0.000
0.056,-2.361,0.000
0.066,-2.416,0.000
0.076,-2.415,0.000
0.093,-2.630,0.000
0.093,-2.378,0.000
0.114,-2.629,0.000
0.115,-2.432,0.000
0.122,-2.395,0.000
0.132,-2.395,0.000
0.154,-2.610,0.000
0.152,-2.412,0.000
0.160,-2.393,0.000
0.172,-2.429,0.000
0.180,-2.410,0.000
0.189,-2.409,0.000
0.194,-2.353,0.000
0.207,-2.389,0.000
0.218,-2.407,0.000
0.227,-2.406,0.000
0.233,-2.368,0.000
0.265,-2.583,0.000
0.256,-2.403,0.000
0.265,-2.402,0.000
0.272,-2.383,0.000
0.282,-2.382,0.000
0.289,-2.362,0.000
0.300,-2.379,0.000
0.345,-2.645,0.000
0.324,-2.413,0.000
0.333,-2.412,0.000
0.338,-2.374,0.000
0.347,-2.373,0.000
0.381,-2.533,0.000
0.456,-2.956,0.000
0.386,-2.441,0.000
0.384,-2.367,0.000
0.397,-2.384,0.000
0.400,-2.346,0.000
0.403,-2.308,0.000
0.421,-2.361,0.000
0.427,-2.341,0.000
0.440,-2.357,0.000
0.449,-2.356,0.000
0.569,-2.920,0.000
0.453,-2.280,0.000
0.588,-2.899,0.000
0.606,-2.929,0.000
0.488,-2.310,0.000
0.505,-2.344,0.000
0.514,-2.342,0.000
0.527,-2.358,0.000
0.664,-2.916,0.000
0.675,-2.914,0.000
0.559,-2.370,0.000
0.568,-2.368,0.000
0.565,-2.312,0.000
0.721,-2.903,0.000
0.724,-2.868,0.000
0.601,-2.341,0.000
0.615,-2.356,0.000
0.619,-2.336,0.000
0.624,-2.316,0.000
0.638,-2.331,0.000
0.647,-2.328,0.000
0.661,-2.343,0.000
0.665,-2.323,0.000
0.654,-2.250,0.000
0.688,-2.335,0.000
0.692,-2.315,0.000
0.701,-2.312,0.000
0.705,-2.292,0.000
0.730,-2.342,0.000
0.723,-2.287,0.000
0.738,-2.301,0.000
0.741,-2.281,0.000
0.744,-2.260,0.000
0.759,-2.275,0.000
0.768,-2.272,0.000
0.722,-2.111,0.000
0.786,-2.266,0.000
0.776,-2.211,0.000
0.991,-2.787,0.000
0.806,-2.239,0.000
0.815,-2.236,0.000
0.836,-2.267,0.000
0.839,-2.247,0.000
0.835,-2.209,0.000
0.863,-2.257,0.000
0.845,-2.185,0.000
0.874,-2.233,0.000
0.883,-2.230,0.000
0.891,-2.226,0.000
0.900,-2.223,0.000
1.134,-2.768,0.000
1.132,-2.733,0.000
0.940,-2.246,0.000
0.928,-2.192,0.000
1.177,-2.750,0.000
1.194,-2.760,0.000
0.961,-2.197,0.000
0.977,-2.210,0.000
0.978,-2.190,0.000
1.231,-2.726,0.000
1.003,-2.199,0.000
1.012,-2.195,0.000
0.926,-1.988,0.000
1.273,-2.706,0.000
1.053,-2.215,0.000
1.038,-2.162,0.000
1.054,-2.174,0.000
1.047,-2.137,0.000
1.063,-2.150,0.000
1.096,-2.194,0.000
1.055,-2.092,0.000
1.097,-2.153,0.000
1.097,-2.133,0.000
1.097,-2.112,0.000
1.097,-2.091,0.000
1.392,-2.629,0.000
1.069,-2.001,0.000
1.324,-2.454,0.000
1.129,-2.074,0.000
1.120,-2.037,0.000
1.163,-2.097,0.000
1.099,-1.963,0.000
1.107,-1.959,0.000
1.407,-2.467,0.000
1.492,-2.592,0.000
1.214,-2.090,0.000
1.231,-2.101,0.000
1.230,-2.080,0.000
1.162,-1.948,0.000
1.160,-1.927,0.000
1.254,-2.065,0.000
1.175,-1.918,0.000
1.271,-2.056,0.000
1.190,-1.909,0.000
1.512,-2.404,0.000
1.594,-2.512,0.000
1.192,-1.863,0.000
1.503,-2.328,0.000
1.319,-2.025,0.000
1.337,-2.035,0.000
1.643,-2.480,0.000
1.332,-1.994,0.000
1.330,-1.974,0.000
1.254,-1.845,0.000
1.387,-2.023,0.000
1.374,-1.988,0.000
1.382,-1.983,0.000
1.389,-1.977,0.000
1.642,-2.317,0.000
1.729,-2.420,0.000
1.413,-1.961,0.000
1.409,-1.940,0.000
1.318,-1.800,0.000
1.446,-1.959,0.000
1.399,-1.879,0.000
1.351,-1.799,0.000
1.369,-1.809,0.000
1.466,-1.921,0.000
1.372,-1.783,0.000
1.436,-1.851,0.000
1.432,-1.831,0.000
1.841,-2.336,0.000
1.503,-1.892,0.000
1.522,-1.900,0.000
1.425,-1.765,0.000
1.408,-1.730,0.000
1.439,-1.754,0.000
1.563,-1.890,0.000
1.786,-2.142,0.000
1.794,-2.135,0.000
1.550,-1.830,0.000
1.866,-2.185,0.000
1.682,-1.954,0.000
1.572,-1.811,0.000
1.481,-1.693,0.000
1.512,-1.716,0.000
1.897,-2.136,0.000
1.501,-1.676,0.000
1.631,-1.807,0.000
1.638,-1.801,0.000
1.682,-1.835,0.000
1.540,-1.666,0.000
1.610,-1.728,0.000
1.944,-2.070,0.000
1.572,-1.661,0.000
1.553,-1.628,0.000
1.559,-1.622,0.000
1.526,-1.575,0.000
1.598,-1.636,0.000
2.040,-2.072,0.000
2.000,-2.016,0.000
2.103,-2.103,0.000
1.610,-1.598,0.000
1.603,-1.578,0.000
1.609,-1.572,0.000
1.615,-1.566,0.000
1.715,-1.650,0.000
1.748,-1.668,0.000
1.755,-1.661,0.000
1.626,-1.527,0.000
1.632,-1.521,0.000
1.693,-1.565,0.000
1.644,-1.508,0.000
2.249,-2.047,0.000
1.698,-1.533,0.000
1.704,-1.526,0.000
1.682,-1.495,0.000
1.799,-1.586,0.000
2.137,-1.870,0.000
2.395,-2.078,0.000
1.705,-1.468,0.000
1.823,-1.558,0.000
1.830,-1.550,0.000
1.736,-1.460,0.000
1.670,-1.393,0.000
1.848,-1.529,0.000
1.753,-1.439,0.000
1.701,-1.385,0.000
1.837,-1.484,0.000
1.871,-1.500,0.000
1.746,-1.388,0.000
1.781,-1.405,0.000
1.757,-1.374,0.000
1.718,-1.333,0.000
1.783,-1.372,0.000
1.862,-1.422,0.000
2.251,-1.704,0.000
1.769,-1.328,0.000
1.804,-1.344,0.000
1.794,-1.326,0.000
1.769,-1.296,0.000
1.820,-1.323,0.000
1.810,-1.304,0.000
1.846,-1.319,0.000
1.851,-1.312,0.000
1.871,-1.315,0.000
1.815,-1.265,0.000
1.866,-1.290,0.000
1.871,-1.283,0.000
1.861,-1.265,0.000
1.866,-1.257,0.000
1.870,-1.250,0.000
1.922,-1.274,0.000
1.880,-1.235,0.000
2.408,-1.569,0.000
1.874,-1.210,0.000
1.926,-1.233,0.000
1.899,-1.206,0.000
2.404,-1.512,0.000
2.409,-1.503,0.000
1.833,-1.133,0.000
1.918,-1.176,0.000
1.858,-1.129,0.000
1.943,-1.170,0.000
1.932,-1.153,0.000
1.969,-1.164,0.000
1.989,-1.166,0.000
1.929,-1.121,0.000
1.950,-1.122,0.000
1.954,-1.115,0.000
2.472,-1.398,0.000
2.012,-1.127,0.000
1.967,-1.092,0.000
2.037,-1.120,0.000
2.008,-1.094,0.000
1.980,-1.068,0.000
2.710,-1.449,0.000
2.005,-1.062,0.000
1.976,-1.036,0.000
1.980,-1.029,0.000
1.984,-1.021,0.000
2.004,-1.022,0.000
2.008,-1.014,0.000
2.012,-1.006,0.000
1.982,-0.981,0.000
2.003,-0.982,0.000
1.973,-0.957,0.000
1.994,-0.958,0.000
2.015,-0.958,0.000
2.086,-0.982,0.000
1.953,-0.910,0.000
2.043,-0.942,0.000
2.064,-0.942,0.000
2.619,-1.183,0.000
2.054,-0.918,0.000
2.057,-0.910,0.000
1.904,-0.833,0.000
2.065,-0.894,0.000
2.033,-0.871,0.000
2.054,-0.870,0.000
2.619,-1.097,0.000
2.078,-0.861,0.000
2.082,-0.853,0.000
2.085,-0.845,0.000
2.071,-0.830,0.000
2.074,-0.821,0.000
2.147,-0.841,0.000
2.098,-0.812,0.000
1.941,-0.742,0.000
1.853,-0.700,0.000
1.947,-0.727,0.000
1.932,-0.713,0.000
2.131,-0.777,0.000
2.010,-0.724,0.000
2.084,-0.741,0.000
1.997,-0.702,0.000
1.982,-0.687,0.000
1.966,-0.673,0.000
1.987,-0.672,0.000
2.080,-0.694,0.000
2.681,-0.883,0.000
2.685,-0.873,0.000
1.997,-0.641,0.000
1.981,-0.627,0.000
2.002,-0.625,0.000
1.986,-0.611,0.000
2.569,-0.780,0.000
2.737,-0.819,0.000
2.370,-0.699,0.000
2.661,-0.774,0.000
1.998,-0.572,0.000
2.019,-0.570,0.000
2.002,-0.556,0.000
2.023,-0.554,0.000
2.007,-0.541,0.000
2.027,-0.538,0.000
2.011,-0.525,0.000
2.032,-0.522,0.000
2.770,-0.700,0.000
2.605,-0.648,0.000
2.418,-0.591,0.000
2.058,-0.494,0.000
2.060,-0.486,0.000
2.118,-0.491,0.000
2.026,-0.462,0.000
2.028,-0.454,0.000
2.724,-0.598,0.000
2.050,-0.442,0.000
2.033,-0.430,0.000
2.016,-0.418,0.000
2.056,-0.418,0.000
2.038,-0.406,0.000
2.059,-0.401,0.000
2.079,-0.397,0.000
2.081,-0.389,0.000
2.025,-0.370,0.000
2.046,-0.366,0.000
2.028,-0.354,0.000
2.049,-0.350,0.000
2.683,-0.447,0.000
2.070,-0.337,0.000
2.014,-0.319,0.000
2.705,-0.418,0.000
2.672,-0.402,0.000
2.355,-0.345,0.000
2.115,-0.301,0.000
2.097,-0.290,0.000
2.041,-0.274,0.000
2.080,-0.271,0.000
2.157,-0.273,0.000
2.699,-0.331,0.000
2.083,-0.247,0.000
2.046,-0.234,0.000
2.066,-0.228,0.000
2.067,-0.220,0.000
2.067,-0.212,0.000
2.068,-0.204,0.000
2.673,-0.253,0.000
2.127,-0.193,0.000
2.692,-0.234,0.000
2.090,-0.173,0.000
2.091,-0.165,0.000
2.092,-0.157,0.000
2.092,-0.148,0.000
2.679,-0.179,0.000
2.697,-0.170,0.000
2.094,-0.124,0.000
1.958,-0.108,0.000
2.076,-0.106,0.000
2.114,-0.100,0.000
2.682,-0.116,0.000
2.735,-0.108,0.000
2.077,-0.074,0.000
2.096,-0.066,0.000
2.039,-0.056,0.000
2.078,-0.049,0.000
2.649,-0.052,0.000
2.632,-0.042,0.000
2.684,-0.032,0.000
2.719,-0.022,0.000
2.097,-0.009,0.000
1.232,-0.000,0.500
1.276,0.005,0.500
1.232,0.010,0.500
1.320,0.015,0.500
1.188,0.018,0.500
1.254,0.024,0.500
1.188,0.028,0.500
1.210,0.033,0.500
1.187,0.037,0.500
1.187,0.042,0.500
1.253,0.049,0.500
1.231,0.053,0.500
1.164,0.055,0.500
1.840,0.094,0.500
1.404,0.077,0.500
1.230,0.072,0.500
1.918,0.120,0.500
1.898,0.127,0.500
1.251,0.088,0.500
1.229,0.092,0.500
1.380,0.108,0.500
1.206,0.100,0.500
1.072,0.093,0.500
1.835,0.166,0.500
1.672,0.158,0.500
1.204,0.118,0.500
1.204,0.123,0.500
1.181,0.126,0.500
1.730,0.191,0.500
1.246,0.142,0.500
1.224,0.145,0.500
1.223,0.149,0.500
1.223,0.154,0.500
1.178,0.153,0.500
1.221,0.164,0.500
1.177,0.163,0.500
1.883,0.268,0.500
1.306,0.191,0.500
1.219,0.183,0.500
1.218,0.188,0.500
1.239,0.196,0.500
0.950,0.154,0.500
1.194,0.199,0.500
1.236,0.211,0.500
1.214,0.212,0.500
1.754,0.313,0.500
1.910,0.349,0.500
1.297,0.242,0.500
1.254,0.239,0.500
1.210,0.235,0.500
1.165,0.232,0.500
1.844,0.374,0.500
1.823,0.377,0.500
1.249,0.264,0.500
1.226,0.264,0.500
1.877,0.412,0.500
1.245,0.278,0.500
1.223,0.278,0.500
1.157,0.268,0.500
1.221,0.288,0.500
0.980,0.235,0.500
1.176,0.287,0.500
1.153,0.286,0.500
1.173,0.296,0.500
1.362,0.350,0.500
1.192,0.311,0.500
1.191,0.316,0.500
1.126,0.303,0.500
1.189,0.325,0.500
1.123,0.312,0.500
1.165,0.328,0.500
1.142,0.327,0.500
1.826,0.530,0.500
0.901,0.265,0.500
1.159,0.347,0.500
0.943,0.286,0.500
1.157,0.356,0.500
1.092,0.340,0.500
1.196,0.378,0.500
1.003,0.321,0.500
1.045,0.339,0.500
1.170,0.385,0.500
1.785,0.595,0.500
1.951,0.659,0.500
1.166,0.399,0.500
0.974,0.338,0.500
1.100,0.386,0.500
1.119,0.398,0.500
1.139,0.410,0.500
1.137,0.414,0.500
0.903,0.333,0.500
0.944,0.352,0.500
1.132,0.428,0.500
1.212,0.463,0.500
0.898,0.347,0.500
1.044,0.408,0.500
0.937,0.371,0.500
1.559,0.624,0.500
1.518,0.615,0.500
0.933,0.382,0.500
1.057,0.437,0.500
0.951,0.398,0.500
0.865,0.366,0.500
0.948,0.406,0.500
0.988,0.427,0.500
1.149,0.502,0.500
1.611,0.712,0.500
0.900,0.402,0.500
1.103,0.498,0.500
1.101,0.502,0.500
0.936,0.431,0.500
1.578,0.735,0.500
0.974,0.458,0.500
1.113,0.529,0.500
1.071,0.514,0.500
0.948,0.460,0.500
1.205,0.590,0.500
0.904,0.447,0.500
0.902,0.450,0.500
1.041,0.525,0.500
0.919,0.468,0.500
0.937,0.482,0.500
0.955,0.496,0.500
1.542,0.808,0.500
1.070,0.566,0.500
0.889,0.475,0.500
1.085,0.585,0.500
1.102,0.600,0.500
1.061,0.583,0.500
0.862,0.478,0.500
0.900,0.504,0.500
0.878,0.496,0.500
1.051,0.599,0.500
1.734,0.998,0.500
1.047,0.608,0.500
0.870,0.510,0.500
0.848,0.501,0.500
1.650,0.984,0.500
1.018,0.613,0.500
0.881,0.535,0.500
0.840,0.515,0.500
0.819,0.506,0.500
1.064,0.664,0.500
1.024,0.644,0.500
1.059,0.672,0.500
0.791,0.506,0.500
1.411,0.911,0.500
0.940,0.612,0.500
0.881,0.578,0.500
1.451,0.961,0.500
1.565,1.045,0.500
1.022,0.688,0.500
0.796,0.541,0.500
0.850,0.583,0.500
0.996,0.688,0.500
1.511,1.053,0.500
1.524,1.070,0.500
0.987,0.700,0.500
0.839,0.599,0.500
1.018,0.733,0.500
0.834,0.606,0.500
1.030,0.754,0.500
0.920,0.679,0.500
1.557,1.159,0.500
0.986,0.740,0.500
0.894,0.676,0.500
0.927,0.707,0.500
0.906,0.697,0.500
0.974,0.755,0.500
0.794,0.621,0.500
0.863,0.680,0.500
0.965,0.766,0.500
0.962,0.770,0.500
0.784,0.633,0.500
0.990,0.806,0.500
0.726,0.596,0.500
0.967,0.799,0.500
0.774,0.645,0.500
1.426,1.198,0.500
0.923,0.782,0.500
0.920,0.786,0.500
0.884,0.760,0.500
0.931,0.807,0.500
0.894,0.782,0.500
0.924,0.815,0.500
0.905,0.804,0.500
0.885,0.792,0.500
0.898,0.811,0.500
0.895,0.814,0.500
0.876,0.803,0.500
1.411,1.304,0.500
1.406,1.310,0.500
0.930,0.873,0.500
0.879,0.832,0.500
0.876,0.835,0.500
0.872,0.839,0.500
0.869,0.842,0.500
0.866,0.845,0.500
0.815,0.802,0.500
0.732,0.726,0.500
0.871,0.871,0.500
0.868,0.875,0.500
0.834,0.846,0.500
0.768,0.786,0.500
0.842,0.869,0.500
0.975,1.014,0.500
0.835,0.875,0.500
0.862,0.911,0.500
0.844,0.898,0.500
0.734,0.787,0.500
0.822,0.888,0.500
0.833,0.908,0.500
0.844,0.928,0.500
0.870,0.963,0.500
0.924,1.031,0.500
0.789,0.888,0.500
0.815,0.924,0.500
0.898,1.026,0.500
0.808,0.931,0.500
1.136,1.319,0.500
1.144,1.339,0.500
0.839,0.990,0.500
0.765,0.909,0.500
0.831,0.997,0.500
0.757,0.915,0.500
0.726,0.884,0.500
0.764,0.938,0.500
0.761,0.941,0.500
0.906,1.131,0.500
0.821,1.033,0.500
0.871,1.104,0.500
0.866,1.108,0.500
1.309,1.687,0.500
1.160,1.507,0.500
0.748,0.979,0.500
0.888,1.172,0.500
0.766,1.020,0.500
0.827,1.110,0.500
0.706,0.955,0.500
0.780,1.065,0.500
0.776,1.068,0.500
0.810,1.123,0.500
0.717,1.002,0.500
0.838,1.182,0.500
1.195,1.700,0.500
1.189,1.705,0.500
0.713,1.032,0.500
0.672,0.980,0.500
0.643,0.946,0.500
0.701,1.040,0.500
0.685,1.024,0.500
0.777,1.172,0.500
1.055,1.606,0.500
0.709,1.088,0.500
0.681,1.054,0.500
0.700,1.093,0.500
0.649,1.022,0.500
0.633,1.005,0.500
0.641,1.027,0.500
0.926,1.498,0.500
0.994,1.621,0.500
0.741,1.220,0.500
0.624,1.037,0.500
0.754,1.262,0.500
0.727,1.229,0.500
1.051,1.793,0.500
0.946,1.627,0.500
0.604,1.049,0.500
0.611,1.070,0.500
0.660,1.168,0.500
0.602,1.075,0.500
0.598,1.077,0.500
0.604,1.099,0.500
0.929,1.705,0.500
0.856,1.585,0.500
0.602,1.125,0.500
0.577,1.089,0.500
0.593,1.130,0.500
0.578,1.113,0.500
0.564,1.096,0.500
0.891,1.747,0.500
0.575,1.139,0.500
0.531,1.063,0.500
0.527,1.065,0.500
0.484,0.987,0.500
0.538,1.109,0.500
0.524,1.091,0.500
0.730,1.535,0.500
0.810,1.721,0.500
0.803,1.724,0.500
0.525,1.139,0.500
0.503,1.101,0.500
0.507,1.123,0.500
0.503,1.125,0.500
0.825,1.865,0.500
0.494,1.129,0.500
0.481,1.111,0.500
0.502,1.173,0.500
0.472,1.114,0.500
0.485,1.157,0.500
0.455,1.097,0.500
0.759,1.851,0.500
0.699,1.726,0.500
0.442,1.103,0.500
0.396,1.000,0.500
0.441,1.127,0.500
0.679,1.755,0.500
0.448,1.171,0.500
0.428,1.132,0.500
0.666,1.782,0.500
0.434,1.177,0.500
0.422,1.158,0.500
0.349,0.970,0.500
0.428,1.202,0.500
0.401,1.142,0.500
0.389,1.122,0.500
0.392,1.145,0.500
0.323,0.955,0.500
0.390,1.169,0.500
0.358,1.086,0.500
0.388,1.193,0.500
0.416,1.298,0.500
0.372,1.175,0.500
0.567,1.815,0.500
0.571,1.856,0.500
0.541,1.782,0.500
0.493,1.648,0.500
0.342,1.161,0.500
0.338,1.162,0.500
0.524,1.828,0.500
0.522,1.849,0.500
0.324,1.166,0.500
0.325,1.188,0.500
0.309,1.147,0.500
0.305,1.148,0.500
0.295,1.128,0.500
0.301,1.172,0.500
0.490,1.939,0.500
0.468,1.884,0.500
0.293,1.197,0.500
0.293,1.220,0.500
0.283,1.199,0.500
0.238,1.026,0.500
0.269,1.180,0.500
0.415,1.856,0.500
0.269,1.225,0.500
0.273,1.269,0.500
0.246,1.162,0.500
0.398,1.920,0.500
0.383,1.883,0.500
0.245,1.230,0.500
0.232,1.188,0.500
0.215,1.123,0.500
0.349,1.870,0.500
0.226,1.234,0.500
0.251,1.405,0.500
0.193,1.104,0.500
0.196,1.149,0.500
0.203,1.215,0.500
0.194,1.194,0.500
0.196,1.239,0.500
0.294,1.899,0.500
0.183,1.218,0.500
0.279,1.901,0.500
0.274,1.922,0.500
0.181,1.307,0.500
0.173,1.286,0.500
0.176,1.352,0.500
0.171,1.352,0.500
0.229,1.868,0.500
0.135,1.136,0.500
0.140,1.224,0.500
0.138,1.247,0.500
0.126,1.181,0.500
0.144,1.399,0.500
0.189,1.912,0.500
0.179,1.893,0.500
0.129,1.422,0.500
0.127,1.465,0.500
0.118,1.423,0.500
0.104,1.316,0.500
0.105,1.402,0.500
0.090,1.273,0.500
0.081,1.207,0.500
0.076,1.208,0.500
0.084,1.425,0.500
0.067,1.208,0.500
0.056,1.097,0.500
0.054,1.142,0.500
0.052,1.187,0.500
0.051,1.297,0.500
0.043,1.209,0.500
0.037,1.165,0.500
0.038,1.363,0.500
0.032,1.363,0.500
0.024,1.232,0.500
0.023,1.449,0.500
0.015,1.254,0.500
0.010,1.232,0.500
0.005,1.210,0.500
0.000,1.320,0.500
-0.005,1.428,0.500
-0.014,1.842,0.500
-0.014,1.188,0.500
-0.022,1.427,0.500
-0.023,1.210,0.500
-0.028,1.210,0.500
-0.035,1.298,0.500
-0.039,1.254,0.500
-0.044,1.253,0.500
-0.047,1.209,0.500
-0.062,1.448,0.500
-0.058,1.231,0.500
-0.070,1.383,0.500
-0.077,1.404,0.500
-0.081,1.382,0.500
-0.077,1.230,0.500
-0.098,1.467,0.500
-0.085,1.207,0.500
-0.095,1.273,0.500
-0.112,1.423,0.500
-0.101,1.228,0.500
-0.162,1.875,0.500
-0.127,1.401,0.500
-0.134,1.421,0.500
-0.140,1.421,0.500
-0.143,1.399,0.500
-0.148,1.398,0.500
-0.154,1.398,0.500
-0.162,1.418,0.500
-0.167,1.418,0.500
-0.157,1.288,0.500
-0.200,1.584,0.500
-0.184,1.416,0.500
-0.161,1.199,0.500
-0.159,1.155,0.500
-0.173,1.220,0.500
-0.213,1.455,0.500
-0.206,1.369,0.500
-0.191,1.240,0.500
-0.236,1.494,0.500
-0.225,1.388,0.500
-0.234,1.408,0.500
-0.225,1.322,0.500
-0.234,1.343,0.500
-0.358,2.008,0.500
-0.260,1.426,0.500
-0.269,1.445,0.500
-0.259,1.360,0.500
-0.419,2.153,0.500
-0.307,1.546,0.500
-0.279,1.378,0.500
-0.280,1.356,0.500
-0.429,2.033,0.500
-0.291,1.354,0.500
-0.324,1.478,0.500
-0.334,1.497,0.500
-0.431,1.893,0.500
-0.477,2.062,0.500
-0.318,1.348,0.500
-0.353,1.471,0.500
-0.323,1.324,0.500
-0.328,1.323,0.500
-0.344,1.363,0.500
-0.349,1.362,0.500
-0.524,2.011,0.500
-0.382,1.442,0.500
-0.388,1.440,0.500
-0.388,1.418,0.500
-0.545,1.965,0.500
-0.500,1.773,0.500
-0.369,1.290,0.500
-0.392,1.350,0.500
-0.427,1.451,0.500
-0.390,1.306,0.500
-0.414,1.366,0.500
-0.413,1.344,0.500
-0.425,1.363,0.500
-0.417,1.320,0.500
-0.422,1.319,0.500
-0.441,1.358,0.500
-0.446,1.356,0.500
-0.485,1.455,0.500
-0.653,1.932,0.500
-0.673,1.966,0.500
-0.460,1.329,0.500
-0.480,1.367,0.500
-0.464,1.305,0.500
-0.469,1.303,0.500
-0.481,1.321,0.500
-0.486,1.319,0.500
-0.536,1.437,0.500
-0.564,1.494,0.500
-0.756,1.977,0.500
-0.628,1.624,0.500
-0.520,1.330,0.500
-0.509,1.288,0.500
-0.523,1.306,0.500
-0.599,1.480,0.500
-0.533,1.301,0.500
-0.530,1.279,0.500
-0.535,1.277,0.500
-0.556,1.315,0.500
-0.644,1.506,0.500
-0.625,1.446,0.500
-0.640,1.463,0.500
-0.603,1.364,0.500
-0.599,1.343,0.500
-0.839,1.859,0.500
-0.941,2.064,0.500
-0.597,1.297,0.500
-0.584,1.255,0.500
-0.679,1.445,0.500
-0.892,1.877,0.500
-0.973,2.028,0.500
-0.973,2.007,0.500
-0.702,1.434,0.500
-0.698,1.412,0.500
-0.760,1.521,0.500
-0.700,1.388,0.500
-0.715,1.404,0.500
-0.749,1.457,0.500
-0.736,1.417,0.500
-0.741,1.414,0.500
-0.776,1.466,0.500
-0.762,1.427,0.500
-0.768,1.424,0.500
-0.753,1.384,0.500
-0.759,1.381,0.500
-0.825,1.487,0.500
-0.708,1.264,0.500
-0.796,1.408,0.500
-0.780,1.369,0.500
-0.796,1.384,0.500
-0.812,1.399,0.500
-1.109,1.892,0.500
-0.812,1.374,0.500
-0.807,1.353,0.500
-1.170,1.944,0.500
-0.997,1.643,0.500
-0.941,1.536,0.500
-0.894,1.446,0.500
-0.845,1.355,0.500
-0.828,1.316,0.500
-0.844,1.331,0.500
-1.212,1.895,0.500
-0.888,1.376,0.500
-0.882,1.356,0.500
-0.876,1.335,0.500
-0.870,1.314,0.500
-0.898,1.345,0.500
-0.892,1.324,0.500
-0.885,1.303,0.500
-0.937,1.369,0.500
-0.907,1.314,0.500
-0.925,1.327,0.500
-0.977,1.391,0.500
-0.923,1.303,0.500
-0.940,1.316,0.500
-0.921,1.279,0.500
-0.926,1.275,0.500
-1.384,1.890,0.500
-0.973,1.318,0.500
-0.941,1.264,0.500
-0.946,1.260,0.500
-1.436,1.898,0.500
-1.455,1.907,0.500
-1.349,1.753,0.500
-1.004,1.295,0.500
-1.134,1.451,0.500
-1.077,1.367,0.500
-1.108,1.395,0.500
-1.418,1.771,0.500
-1.003,1.242,0.500
-0.995,1.222,0.500
-1.117,1.362,0.500
-1.148,1.389,0.500
-1.036,1.242,0.500
-1.185,1.410,0.500
-1.099,1.297,0.500
-1.170,1.370,0.500
-1.552,1.804,0.500
-1.060,1.222,0.500
-1.173,1.341,0.500
-1.097,1.245,0.500
-1.605,1.807,0.500
-1.188,1.327,0.500
-1.180,1.308,0.500
-1.614,1.774,0.500
-1.190,1.298,0.500
-1.223,1.323,0.500
-1.186,1.274,0.500
-1.261,1.343,0.500
-1.210,1.279,0.500
-1.215,1.275,0.500
-1.220,1.270,0.500
-1.211,1.250,0.500
-1.230,1.260,0.500
-1.178,1.197,0.500
-1.226,1.236,0.500
-1.187,1.188,0.500
-1.236,1.226,0.500
-1.240,1.222,0.500
-1.274,1.245,0.500
-1.250,1.212,0.500
-1.512,1.454,0.500
-1.735,1.656,0.500
-1.294,1.225,0.500
-1.415,1.329,0.500
-1.632,1.521,0.500
-1.747,1.616,0.500
-1.298,1.191,0.500
-1.302,1.186,0.500
-1.793,1.620,0.500
-1.297,1.162,0.500
-1.193,1.061,0.500
-1.306,1.152,0.500
-1.310,1.146,0.500
-1.811,1.572,0.500
-1.817,1.565,0.500
-1.292,1.104,0.500
-1.344,1.139,0.500
-1.332,1.120,0.500
-1.321,1.102,0.500
-1.357,1.123,0.500
-1.361,1.118,0.500
-1.350,1.099,0.500
-1.386,1.120,0.500
-1.374,1.101,0.500
-1.379,1.096,0.500
-1.367,1.078,0.500
-1.874,1.466,0.500
-1.952,1.515,0.500
-1.428,1.099,0.500
-1.400,1.069,0.500
-1.388,1.051,0.500
-1.932,1.451,0.500
-1.445,1.076,0.500
-1.417,1.047,0.500
-1.404,1.029,0.500
-1.425,1.036,0.500
-1.945,1.402,0.500
-1.383,0.989,0.500
-1.420,1.007,0.500
-1.457,1.025,0.500
-1.967,1.372,0.500
-1.988,1.374,0.500
-1.601,1.098,0.500
-1.440,0.979,0.500
-1.358,0.916,0.500
-1.481,0.990,0.500
-1.502,0.995,0.500
-1.421,0.934,0.500
-1.476,0.961,0.500
-1.581,1.021,0.500
-1.517,0.972,0.500
-1.639,1.041,0.500
-1.508,0.949,0.500
-1.563,0.975,0.500
-2.024,1.252,0.500
-1.484,0.910,0.500
-1.676,1.018,0.500
-1.491,0.898,0.500
-2.043,1.220,0.500
-1.984,1.174,0.500
-1.519,0.891,0.500
-1.452,0.844,0.500
-1.665,0.959,0.500
-1.686,0.962,0.500
-1.656,0.936,0.500
-1.501,0.841,0.500
-2.192,1.217,0.500
-1.718,0.945,0.500
-1.547,0.843,0.500
-1.568,0.846,0.500
-1.729,0.925,0.500
-1.556,0.824,0.500
-1.702,0.893,0.500
-2.209,1.148,0.500
-2.132,1.098,0.500
-1.747,0.891,0.500
-1.733,0.875,0.500
-2.046,1.023,0.500
-2.311,1.144,0.500
-1.726,0.846,0.500
-1.764,0.856,0.500
-1.696,0.815,0.500
-1.735,0.825,0.500
-1.721,0.810,0.500
-1.760,0.820,0.500
-1.781,0.821,0.500
-2.148,0.981,0.500
-2.285,1.032,0.500
-1.772,0.792,0.500
-1.757,0.777,0.500
-1.724,0.755,0.500
-1.672,0.724,0.500
-1.748,0.749,0.500
-1.751,0.742,0.500
-2.362,0.990,0.500
-1.794,0.743,0.500
-1.760,0.721,0.500
-1.799,0.729,0.500
-1.710,0.685,0.500
-1.787,0.708,0.500
-1.844,0.722,0.500
-1.792,0.694,0.500
-2.425,0.928,0.500
-2.396,0.906,0.500
-2.382,0.890,0.500
-1.821,0.672,0.500
-1.749,0.638,0.500
-1.827,0.658,0.500
-1.811,0.644,0.500
-1.832,0.644,0.500
-1.834,0.636,0.500
-1.818,0.623,0.500
-1.858,0.628,0.500
-1.804,0.602,0.500
-1.900,0.626,0.500
-1.846,0.600,0.500
-1.658,0.532,0.500
-1.851,0.586,0.500
-1.872,0.584,0.500
-1.893,0.583,0.500
-2.485,0.754,0.500
-1.954,0.585,0.500
-1.824,0.538,0.500
-1.864,0.542,0.500
-1.654,0.474,0.500
-1.869,0.527,0.500
-1.716,0.477,0.500
-2.418,0.662,0.500
-2.438,0.657,0.500
-1.877,0.498,0.500
-1.879,0.491,0.500
-1.880,0.483,0.500
-1.863,0.471,0.500
-1.865,0.464,0.500
-1.905,0.466,0.500
-1.888,0.454,0.500
-1.928,0.455,0.500
-1.814,0.421,0.500
-1.893,0.431,0.500
-1.933,0.432,0.500
-2.501,0.549,0.500
-1.898,0.409,0.500
-1.900,0.401,0.500
-1.882,0.390,0.500
-2.314,0.470,0.500
-1.904,0.379,0.500
-2.479,0.483,0.500
-2.463,0.470,0.500
-1.908,0.357,0.500
-1.832,0.335,0.500
-2.379,0.425,0.500
-2.505,0.438,0.500
-1.914,0.327,0.500
-1.915,0.319,0.500
-1.936,0.315,0.500
-1.859,0.295,0.500
-2.406,0.372,0.500
-2.515,0.378,0.500
-1.941,0.284,0.500
-1.961,0.279,0.500
-2.020,0.280,0.500
-1.944,0.261,0.500
-1.925,0.251,0.500
-1.946,0.246,0.500
-2.560,0.314,0.500
-1.908,0.226,0.500
-1.909,0.219,0.500
-1.930,0.213,0.500
-2.564,0.273,0.500
-2.583,0.265,0.500
-1.952,0.193,0.500
-1.992,0.189,0.500
-1.934,0.175,0.500
-2.551,0.221,0.500
-2.552,0.211,0.500
-1.975,0.156,0.500
-1.897,0.142,0.500
-1.937,0.137,0.500
-1.858,0.125,0.500
-1.918,0.121,0.500
-1.918,0.113,0.500
-1.978,0.109,0.500
-1.919,0.098,0.500
-1.920,0.091,0.500
-1.940,0.084,0.500
-1.940,0.077,0.500
-2.058,0.073,0.500
-1.921,0.061,0.500
-1.921,0.053,0.500
-1.980,0.047,0.500
-1.902,0.038,0.500
-1.961,0.031,0.500
-1.981,0.024,0.500
-2.250,0.018,0.500
-2.579,0.011,0.500
-1.902,0.000,0.500
-1.941,-0.007,0.500
-1.961,-0.015,0.500
-2.543,-0.030,0.500
-1.862,-0.029,0.500
-1.921,-0.037,0.500
-1.941,-0.045,0.500
-1.881,-0.051,0.500
-2.524,-0.079,0.500
-1.901,-0.067,0.500
-1.920,-0.075,0.500
-2.096,-0.090,0.500
-1.959,-0.092,0.500
-1.959,-0.100,0.500
-1.939,-0.106,0.500
-2.055,-0.121,0.500
-1.938,-0.122,0.500
-2.555,-0.170,0.500
-2.111,-0.149,0.500
-1.897,-0.141,0.500
-1.936,-0.152,0.500
-1.895,-0.156,0.500
-1.954,-0.169,0.500
-1.992,-0.180,0.500
-2.532,-0.239,0.500
-1.932,-0.190,0.500
-1.931,-0.198,0.500
-1.911,-0.203,0.500
-1.910,-0.211,0.500
-2.084,-0.238,0.500
-2.064,-0.244,0.500
-1.947,-0.238,0.500
-2.043,-0.258,0.500
-2.486,-0.324,0.500
-2.713,-0.364,0.500
-1.943,-0.268,0.500
-2.077,-0.295,0.500
-1.902,-0.278,0.500
-2.706,-0.407,0.500
-2.073,-0.320,0.500
-2.072,-0.328,0.500
-2.127,-0.345,0.500
-1.915,-0.318,0.500
-2.106,-0.359,0.500
-2.104,-0.367,0.500
-1.911,-0.341,0.500
-1.910,-0.349,0.500
-2.024,-0.378,0.500
-1.907,-0.364,0.500
-1.906,-0.371,0.500
-1.904,-0.379,0.500
-2.816,-0.571,0.500
-1.959,-0.405,0.500
-2.052,-0.433,0.500
-1.879,-0.404,0.500
-2.124,-0.466,0.500
-2.066,-0.461,0.500
-1.874,-0.426,0.500
-2.043,-0.473,0.500
-2.042,-0.481,0.500
-2.627,-0.630,0.500
-2.075,-0.506,0.500
-2.092,-0.519,0.500
-2.637,-0.666,0.500
-1.881,-0.483,0.500
-1.821,-0.475,0.500
-2.544,-0.674,0.500
-1.875,-0.505,0.500
-1.854,-0.507,0.500
-2.021,-0.561,0.500
-2.056,-0.579,0.500
-2.598,-0.743,0.500
-2.033,-0.590,0.500
-1.843,-0.543,0.500
-2.622,-0.784,0.500
-2.007,-0.609,0.500
-1.875,-0.576,0.500
-2.546,-0.794,0.500
-2.037,-0.644,0.500
-2.016,-0.646,0.500
-1.995,-0.648,0.500
-1.992,-0.656,0.500
-2.008,-0.670,0.500
-2.042,-0.690,0.500
-1.818,-0.622,0.500
-2.018,-0.700,0.500
-1.832,-0.643,0.500
-2.562,-0.911,0.500
-2.542,-0.915,0.500
-2.061,-0.751,0.500
-1.932,-0.712,0.500
-1.947,-0.727,0.500
-1.962,-0.741,0.500
-1.941,-0.742,0.500
-2.520,-0.975,0.500
-2.007,-0.785,0.500
-1.950,-0.772,0.500
-1.965,-0.787,0.500
-1.944,-0.787,0.500
-1.977,-0.809,0.500
-1.938,-0.802,0.500
-1.970,-0.825,0.500
-1.949,-0.825,0.500
-2.452,-1.049,0.500
-1.995,-0.863,0.500
-1.904,-0.833,0.500
-2.471,-1.092,0.500
-1.915,-0.855,0.500
-2.152,-0.971,0.500
-2.553,-1.164,0.500
-1.974,-0.910,0.500
-1.919,-0.893,0.500
-2.053,-0.966,0.500
-1.894,-0.900,0.500
-1.908,-0.916,0.500
-2.288,-1.110,0.500
-1.918,-0.939,0.500
-1.863,-0.921,0.500
-2.448,-1.223,0.500
-2.444,-1.233,0.500
-1.937,-0.987,0.500
-1.899,-0.977,0.500
-1.861,-0.967,0.500
-1.841,-0.965,0.500
-1.837,-0.972,0.500
-1.850,-0.989,0.500
-1.846,-0.996,0.500
-1.859,-1.012,0.500
-1.838,-1.010,0.500
-1.934,-1.073,0.500
-1.813,-1.015,0.500
-1.826,-1.032,0.500
-1.822,-1.039,0.500
-2.372,-1.365,0.500
-1.831,-1.063,0.500
-2.361,-1.384,0.500
-1.855,-1.097,0.500
-1.785,-1.065,0.500
-1.764,-1.062,0.500
-2.295,-1.393,0.500
-1.805,-1.106,0.500
-1.768,-1.093,0.500
-1.829,-1.140,0.500
-1.808,-1.137,0.500
-2.267,-1.438,0.500
-1.799,-1.151,0.500
-1.762,-1.138,0.500
-2.264,-1.474,0.500
-2.259,-1.483,0.500
-1.619,-1.072,0.500
-1.744,-1.165,0.500
-1.756,-1.183,0.500
-1.767,-1.200,0.500
-1.730,-1.186,0.500
-2.252,-1.556,0.500
-1.657,-1.155,0.500
-1.763,-1.239,0.500
-1.743,-1.235,0.500
-1.738,-1.242,0.500
-2.207,-1.590,0.500
-1.774,-1.289,0.500
-1.708,-1.251,0.500
-2.188,-1.615,0.500
-1.698,-1.264,0.500
-1.662,-1.248,0.500
-1.688,-1.277,0.500
-1.668,-1.272,0.500
-1.601,-1.232,0.500
-1.581,-1.226,0.500
-2.073,-1.621,0.500
-1.462,-1.153,0.500
-1.612,-1.281,0.500
-1.652,-1.323,0.500
-1.632,-1.318,0.500
-1.642,-1.336,0.500
-1.622,-1.330,0.500
-2.069,-1.711,0.500
-1.641,-1.368,0.500
-1.635,-1.374,0.500
-2.048,-1.735,0.500
-2.055,-1.755,0.500
-1.719,-1.480,0.500
-1.570,-1.362,0.500
-1.579,-1.381,0.500
-2.053,-1.810,0.500
-1.554,-1.380,0.500
-1.827,-1.636,0.500
-1.571,-1.418,0.500
-1.566,-1.424,0.500
-1.992,-1.826,0.500
-2.010,-1.858,0.500
-1.549,-1.443,0.500
-1.543,-1.449,0.500
-1.950,-1.845,0.500
-1.879,-1.792,0.500
-1.526,-1.467,0.500
-2.003,-1.940,0.500
-1.542,-1.506,0.500
-1.440,-1.417,0.500
-1.931,-1.915,0.500
-1.510,-1.510,0.500
-1.491,-1.502,0.500
-1.472,-1.495,0.500
-1.506,-1.542,0.500
-1.487,-1.534,0.500
-1.885,-1.960,0.500
-1.901,-1.993,0.500
-1.429,-1.509,0.500
-1.886,-2.007,0.500
-1.456,-1.563,0.500
-1.476,-1.596,0.500
-1.827,-1.991,0.500
-1.438,-1.580,0.500
-1.393,-1.542,0.500
-1.361,-1.519,0.500
-1.393,-1.568,0.500
-1.387,-1.573,0.500
-1.381,-1.579,0.500
-1.438,-1.656,0.500
-1.369,-1.589,0.500
-1.350,-1.580,0.500
-1.369,-1.615,0.500
-1.362,-1.620,0.500
-1.742,-2.088,0.500
-1.349,-1.631,0.500
-1.343,-1.636,0.500
-1.717,-2.109,0.500
-1.318,-1.632,0.500
-1.287,-1.607,0.500
-1.692,-2.129,0.500
-1.275,-1.617,0.500
-1.304,-1.667,0.500
-1.613,-2.079,0.500
-1.337,-1.738,0.500
-1.273,-1.667,0.500
-1.610,-2.126,0.500
-1.271,-1.693,0.500
-1.614,-2.167,0.500
-1.258,-1.703,0.500
-1.240,-1.692,0.500
-1.588,-2.186,0.500
-1.570,-2.178,0.500
-1.253,-1.753,0.500
-1.213,-1.711,0.500
-1.574,-2.239,0.500
-1.199,-1.721,0.500
-1.182,-1.710,0.500
-1.175,-1.714,0.500
-1.179,-1.735,0.500
-1.172,-1.739,0.500
-1.176,-1.760,0.500
-1.148,-1.732,0.500
-1.493,-2.273,0.500
-1.155,-1.774,0.500
-1.148,-1.778,0.500
-1.466,-2.290,0.500
-1.124,-1.771,0.500
-1.458,-2.316,0.500
-1.110,-1.780,0.500
-1.123,-1.817,0.500
-1.004,-1.638,0.500
-1.099,-1.809,0.500
-1.052,-1.747,0.500
-1.095,-1.834,0.500
-1.038,-1.755,0.500
-1.071,-1.826,0.500
-1.286,-2.214,0.500
-0.998,-1.734,0.500
-0.952,-1.669,0.500
-1.330,-2.352,0.500
-0.900,-1.607,0.500
-0.971,-1.749,0.500
-0.935,-1.701,0.500
-0.919,-1.688,0.500
-0.903,-1.674,0.500
-0.906,-1.695,0.500
-0.973,-1.837,0.500
-1.206,-2.299,0.500
-0.904,-1.740,0.500
-0.960,-1.865,0.500
-1.147,-2.250,0.500
-0.866,-1.716,0.500
-0.841,-1.683,0.500
-0.852,-1.722,0.500
-0.793,-1.618,0.500
-0.847,-1.747,0.500
-0.832,-1.732,0.500
-0.825,-1.736,0.500
-0.818,-1.739,0.500
-0.812,-1.742,0.500
-0.821,-1.781,0.500
-1.063,-2.330,0.500
-0.831,-1.841,0.500
-0.800,-1.791,0.500
-1.028,-2.326,0.500
-0.794,-1.815,0.500
-0.771,-1.782,0.500
-1.015,-2.371,0.500
-0.757,-1.788,0.500
-0.927,-2.212,0.500
-0.758,-1.830,0.500
-0.729,-1.778,0.500
-0.722,-1.781,0.500
-0.715,-1.784,0.500
-0.715,-1.805,0.500
-0.715,-1.826,0.500
-0.701,-1.811,0.500
-0.876,-2.291,0.500
-0.686,-1.816,0.500
-0.644,-1.726,0.500
-0.672,-1.821,0.500
-0.685,-1.879,0.500
-0.698,-1.937,0.500
-0.657,-1.848,0.500
-0.843,-2.399,0.500
-0.630,-1.816,0.500
-0.623,-1.818,0.500
-0.615,-1.821,0.500
-0.596,-1.785,0.500
-0.601,-1.825,0.500
-0.594,-1.828,0.500
-0.787,-2.456,0.500
-0.597,-1.889,0.500
-0.763,-2.445,0.500
-0.577,-1.874,0.500
-0.558,-1.839,0.500
-0.562,-1.879,0.500
-0.521,-1.767,0.500
-0.536,-1.845,0.500
-0.474,-1.654,0.500
-0.538,-1.906,0.500
-0.504,-1.813,0.500
-0.512,-1.873,0.500
-0.505,-1.875,0.500
-0.493,-1.858,0.500
-0.629,-2.408,0.500
-0.483,-1.880,0.500
-0.476,-1.882,0.500
-0.459,-1.846,0.500
-0.608,-2.488,0.500
-0.453,-1.888,0.500
-0.446,-1.890,0.500
-0.434,-1.872,0.500
-0.435,-1.912,0.500
-0.441,-1.971,0.500
-0.433,-1.973,0.500
-0.400,-1.859,0.500
-0.405,-1.919,0.500
-0.382,-1.843,0.500
-0.517,-2.545,0.500
-0.379,-1.904,0.500
-0.493,-2.531,0.500
-0.493,-2.585,0.500
-0.349,-1.870,0.500
-0.428,-2.341,0.500
-0.345,-1.931,0.500
-0.327,-1.874,0.500
-0.320,-1.875,0.500
-0.319,-1.915,0.500
-0.311,-1.916,0.500
-0.304,-1.918,0.500
-0.296,-1.919,0.500
-0.292,-1.939,0.500
-0.278,-1.901,0.500
-0.274,-1.922,0.500
-0.269,-1.943,0.500
-0.251,-1.865,0.500
-0.251,-1.925,0.500
-0.246,-1.946,0.500
-0.313,-2.560,0.500
-0.235,-1.987,0.500
-0.221,-1.929,0.500
-0.308,-2.789,0.500
-0.203,-1.911,0.500
-0.194,-1.892,0.500
-0.190,-1.932,0.500
-0.162,-1.713,0.500
-0.172,-1.894,0.500
-0.166,-1.915,0.500
-0.157,-1.895,0.500
-0.143,-1.816,0.500
-0.191,-2.554,0.500
-0.137,-1.937,0.500
-0.126,-1.878,0.500
-0.123,-1.957,0.500
-0.113,-1.918,0.500
-0.106,-1.919,0.500
-0.131,-2.558,0.500
-0.093,-1.959,0.500
-0.076,-1.760,0.500
-0.101,-2.577,0.500
-0.069,-1.940,0.500
-0.060,-1.901,0.500
-0.053,-1.941,0.500
-0.045,-1.921,0.500
-0.037,-1.862,0.500
-0.031,-1.941,0.500
-0.023,-1.941,0.500
-0.015,-1.922,0.500
-0.008,-1.961,0.500
-0.000,-1.902,0.500
0.008,-1.941,0.500
0.015,-1.941,0.500
0.023,-1.922,0.500
0.030,-1.921,0.500
0.036,-1.862,0.500
0.044,-1.881,0.500
0.052,-1.881,0.500
0.060,-1.921,0.500
0.068,-1.921,0.500
0.101,-2.577,0.500
0.083,-1.920,0.500
0.093,-1.979,0.500
0.098,-1.919,0.500
0.107,-1.939,0.500
0.152,-2.574,0.500
0.123,-1.957,0.500
0.117,-1.757,0.500
0.169,-2.392,0.500
0.148,-1.975,0.500
0.151,-1.916,0.500
0.161,-1.955,0.500
0.164,-1.895,0.500
0.177,-1.953,0.500
0.179,-1.893,0.500
0.190,-1.932,0.500
0.190,-1.852,0.500
0.201,-1.891,0.500
0.213,-1.930,0.500
0.270,-2.364,0.500
0.207,-1.749,0.500
0.211,-1.728,0.500
0.243,-1.926,0.500
0.248,-1.906,0.500
0.253,-1.885,0.500
0.263,-1.904,0.500
0.251,-1.764,0.500
0.258,-1.763,0.500
0.268,-1.782,0.500
0.337,-2.186,0.500
0.398,-2.512,0.500
0.314,-1.936,0.500
0.299,-1.797,0.500
0.433,-2.542,0.500
0.443,-2.540,0.500
0.313,-1.754,0.500
0.320,-1.753,0.500
0.323,-1.731,0.500
0.371,-1.946,0.500
0.371,-1.906,0.500
0.336,-1.687,0.500
0.382,-1.883,0.500
0.353,-1.705,0.500
0.355,-1.683,0.500
0.400,-1.859,0.500
0.377,-1.720,0.500
0.393,-1.758,0.500
0.391,-1.717,0.500
0.407,-1.755,0.500
0.427,-1.812,0.500
0.458,-1.907,0.500
0.427,-1.750,0.500
0.425,-1.709,0.500
0.583,-2.307,0.500
0.458,-1.784,0.500
0.460,-1.763,0.500
0.665,-2.510,0.500
0.469,-1.740,0.500
0.459,-1.679,0.500
0.482,-1.736,0.500
0.478,-1.695,0.500
0.490,-1.713,0.500
0.508,-1.750,0.500
0.498,-1.689,0.500
0.522,-1.746,0.500
0.569,-1.877,0.500
0.518,-1.683,0.500
0.542,-1.739,0.500
0.519,-1.640,0.500
0.738,-2.301,0.500
0.747,-2.298,0.500
0.544,-1.654,0.500
0.747,-2.240,0.500
0.785,-2.324,0.500
0.603,-1.762,0.500
0.570,-1.645,0.500
0.577,-1.643,0.500
0.583,-1.640,0.500
0.597,-1.657,0.500
0.603,-1.655,0.500
0.804,-2.181,0.500
0.623,-1.669,0.500
0.608,-1.609,0.500
0.636,-1.664,0.500
0.628,-1.624,0.500
0.671,-1.715,0.500
0.611,-1.542,0.500
0.898,-2.243,0.500
0.676,-1.670,0.500
0.660,-1.611,0.500
0.658,-1.590,0.500
0.665,-1.587,0.500
0.679,-1.603,0.500
0.693,-1.619,0.500
0.716,-1.654,0.500
0.833,-1.904,0.500
0.728,-1.648,0.500
1.001,-2.240,0.500
0.972,-2.152,0.500
0.739,-1.621,0.500
0.737,-1.599,0.500
1.013,-2.174,0.500
0.758,-1.612,0.500
1.022,-2.149,0.500
1.046,-2.178,0.500
1.055,-2.174,0.500
0.801,-1.636,0.500
0.790,-1.597,0.500
1.064,-2.129,0.500
1.097,-2.174,0.500
0.809,-1.587,0.500
0.806,-1.566,0.500
0.784,-1.509,0.500
0.818,-1.560,0.500
0.824,-1.557,0.500
1.156,-2.163,0.500
1.130,-2.094,0.500
0.862,-1.582,0.500
0.858,-1.561,0.500
0.845,-1.522,0.500
0.861,-1.537,0.500
0.857,-1.516,0.500
0.883,-1.548,0.500
0.879,-1.526,0.500
1.053,-1.814,0.500
0.901,-1.537,0.500
0.907,-1.533,0.500
1.162,-1.948,0.500
0.908,-1.509,0.500
0.914,-1.505,0.500
0.941,-1.536,0.500
1.271,-2.055,0.500
1.171,-1.877,0.500
0.949,-1.508,0.500
0.965,-1.521,0.500
1.303,-2.035,0.500
1.301,-2.015,0.500
0.871,-1.338,0.500
0.899,-1.369,0.500
1.324,-1.999,0.500
0.899,-1.345,0.500
0.845,-1.254,0.500
1.146,-1.687,0.500
0.984,-1.436,0.500
0.896,-1.296,0.500
1.087,-1.560,0.500
1.024,-1.458,0.500
1.333,-1.881,0.500
1.024,-1.433,0.500
0.921,-1.278,0.500
0.999,-1.375,0.500
1.041,-1.421,0.500
1.457,-1.973,0.500
0.954,-1.281,0.500
1.045,-1.392,0.500
1.458,-1.927,0.500
1.056,-1.384,0.500
1.474,-1.915,0.500
1.104,-1.424,0.500
1.097,-1.403,0.500
1.496,-1.898,0.500
0.993,-1.250,0.500
1.114,-1.390,0.500
1.107,-1.370,0.500
1.502,-1.846,0.500
1.117,-1.361,0.500
1.136,-1.373,0.500
1.167,-1.399,0.500
1.133,-1.348,0.500
1.125,-1.328,0.500
1.144,-1.339,0.500
1.136,-1.319,0.500
1.168,-1.346,0.500
1.119,-1.280,0.500
1.151,-1.306,0.500
1.457,-1.639,0.500
1.202,-1.342,0.500
1.180,-1.307,0.500
1.213,-1.333,0.500
1.521,-1.658,0.500
1.540,-1.666,0.500
1.131,-1.214,0.500
1.233,-1.313,0.500
1.280,-1.352,0.500
1.668,-1.749,0.500
1.063,-1.106,0.500
1.296,-1.337,0.500
1.245,-1.274,0.500
1.525,-1.549,0.500
1.255,-1.265,0.500
1.173,-1.173,0.500
1.702,-1.689,0.500
1.683,-1.657,0.500
1.127,-1.101,0.500
1.147,-1.111,0.500
1.151,-1.107,0.500
1.095,-1.044,0.500
1.175,-1.112,0.500
1.149,-1.079,0.500
1.138,-1.060,0.500
1.172,-1.084,0.500
1.268,-1.163,0.500
1.288,-1.172,0.500
1.185,-1.070,0.500
2.115,-1.895,0.500
1.347,-1.197,0.500
1.321,-1.165,0.500
1.310,-1.146,0.500
1.315,-1.141,0.500
1.257,-1.082,0.500
1.261,-1.077,0.500
1.731,-1.466,0.500
1.206,-1.014,0.500
1.870,-1.559,0.500
1.230,-1.018,0.500
1.234,-1.013,0.500
1.745,-1.420,0.500
1.177,-0.950,0.500
1.262,-1.011,0.500
1.776,-1.411,0.500
1.270,-1.001,0.500
1.241,-0.971,0.500
1.162,-0.901,0.500
1.249,-0.961,0.500
1.253,-0.956,0.500
1.273,-0.964,0.500
1.260,-0.946,0.500
1.247,-0.929,0.500
1.417,-1.046,0.500
1.305,-0.956,0.500
1.258,-0.914,0.500
1.329,-0.958,0.500
1.350,-0.964,0.500
1.353,-0.959,0.500
1.306,-0.918,0.500
1.861,-1.297,0.500
1.331,-0.920,0.500
1.840,-1.261,0.500
1.338,-0.909,0.500
1.897,-1.278,0.500
1.345,-0.899,0.500
1.331,-0.882,0.500
1.880,-1.235,0.500
1.425,-0.928,0.500
1.341,-0.866,0.500
1.895,-1.213,0.500
1.915,-1.215,0.500
1.316,-0.828,0.500
1.355,-0.845,0.500
1.358,-0.840,0.500
1.344,-0.823,0.500
1.347,-0.818,0.500
1.368,-0.823,0.500
1.317,-0.786,0.500
1.374,-0.813,0.500
1.232,-0.722,0.500
1.399,-0.812,0.500
1.438,-0.828,0.500
2.003,-1.142,0.500
1.444,-0.816,0.500
1.357,-0.760,0.500
1.851,-1.027,0.500
1.399,-0.769,0.500
1.216,-0.662,0.500
1.846,-0.996,0.500
1.390,-0.743,0.500
1.281,-0.678,0.500
1.377,-0.722,0.500
1.509,-0.784,0.500
1.270,-0.653,0.500
1.423,-0.725,0.500
1.255,-0.633,0.500
1.410,-0.704,0.500
1.260,-0.624,0.500
1.471,-0.721,0.500
1.887,-0.915,0.500
1.229,-0.590,0.500
1.270,-0.604,0.500
1.898,-0.893,0.500
2.056,-0.958,0.500
1.412,-0.651,0.500
1.766,-0.806,0.500
2.033,-0.918,0.500
1.264,-0.565,0.500
1.325,-0.586,0.500
1.308,-0.572,0.500
1.907,-0.825,0.500
1.293,-0.553,0.500
1.451,-0.614,0.500
1.917,-0.803,0.500
1.920,-0.795,0.500
1.321,-0.541,0.500
1.303,-0.528,0.500
1.443,-0.578,0.500
1.307,-0.518,0.500
1.289,-0.505,0.500
1.312,-0.507,0.500
1.977,-0.756,0.500
1.336,-0.505,0.500
1.337,-0.499,0.500
1.498,-0.553,0.500
1.220,-0.444,0.500
1.343,-0.484,0.500
1.284,-0.457,0.500
1.347,-0.473,0.500
1.349,-0.468,0.500
1.330,-0.455,0.500
1.473,-0.498,0.500
1.395,-0.465,0.500
1.356,-0.446,0.500
1.296,-0.421,0.500
1.339,-0.429,0.500
1.442,-0.456,0.500
1.342,-0.419,0.500
1.220,-0.375,0.500
2.007,-0.609,0.500
1.368,-0.409,0.500
2.104,-0.620,0.500
2.014,-0.585,0.500
1.373,-0.393,0.500
1.353,-0.382,0.500
1.396,-0.388,0.500
1.189,-0.325,0.500
1.420,-0.382,0.500
1.359,-0.360,0.500
1.340,-0.350,0.500
1.362,-0.350,0.500
2.034,-0.514,0.500
1.979,-0.492,0.500
1.176,-0.287,0.500
1.304,-0.313,0.500
1.390,-0.328,0.500
1.370,-0.317,0.500
1.308,-0.298,0.500
2.009,-0.449,0.500
1.374,-0.301,0.500
1.975,-0.425,0.500
1.313,-0.277,0.500
1.419,-0.294,0.500
2.037,-0.413,0.500
2.057,-0.409,0.500
1.422,-0.277,0.500
1.402,-0.267,0.500
1.731,-0.323,0.500
1.425,-0.260,0.500
1.405,-0.251,0.500
1.406,-0.245,0.500
1.301,-0.222,0.500
1.408,-0.234,0.500
1.388,-0.225,0.500
1.410,-0.223,0.500
1.369,-0.211,0.500
1.454,-0.219,0.500
1.219,-0.178,0.500
1.198,-0.170,0.500
1.393,-0.193,0.500
1.243,-0.167,0.500
1.925,-0.251,0.500
1.266,-0.160,0.500
1.267,-0.155,0.500
1.224,-0.145,0.500
1.418,-0.162,0.500
1.398,-0.154,0.500
1.356,-0.144,0.500
1.071,-0.110,0.500
1.292,-0.127,0.500
1.357,-0.128,0.500
1.973,-0.179,0.500
1.293,-0.112,0.500
1.228,-0.101,0.500
1.162,-0.091,0.500
1.936,-0.145,0.500
2.015,-0.143,0.500
1.229,-0.082,0.500
1.186,-0.075,0.500
2.113,-0.125,0.500
1.252,-0.069,0.500
1.361,-0.070,0.500
1.426,-0.067,0.500
1.426,-0.062,0.500
1.275,-0.050,0.500
1.231,-0.043,0.500
1.232,-0.039,0.500
1.232,-0.034,0.500
1.232,-0.029,0.500
1.232,-0.024,0.500
2.116,-0.033,0.500
1.406,-0.017,0.500
1.232,-0.010,0.500
1.210,-0.005,0.500
0.585,0.000,1.000
0.512,0.002,1.000
0.346,0.003,1.000
0.457,0.005,1.000
0.513,0.008,1.000
0.457,0.009,1.000
0.264,0.006,1.000
0.429,0.012,1.000
0.560,0.018,1.000
0.656,0.023,1.000
0.318,0.013,1.000
0.684,0.030,1.000
0.457,0.022,1.000
0.338,0.017,1.000
0.338,0.019,1.000
0.236,0.014,1.000
0.373,0.023,1.000
0.428,0.029,1.000
0.741,0.052,1.000
0.456,0.034,1.000
0.484,0.038,1.000
0.484,0.040,1.000
0.209,0.018,1.000
0.455,0.041,1.000
0.427,0.040,1.000
0.483,0.048,1.000
0.208,0.021,1.000
0.710,0.076,1.000
0.181,0.020,1.000
0.454,0.052,1.000
0.454,0.054,1.000
0.766,0.094,1.000
0.708,0.089,1.000
0.481,0.063,1.000
0.736,0.099,1.000
0.678,0.094,1.000
0.508,0.072,1.000
0.480,0.070,1.000
0.536,0.081,1.000
0.424,0.066,1.000
0.452,0.072,1.000
0.820,0.133,1.000
0.451,0.075,1.000
0.647,0.110,1.000
0.618,0.108,1.000
0.368,0.066,1.000
0.674,0.123,1.000
0.422,0.079,1.000
0.673,0.128,1.000
0.644,0.125,1.000
0.700,0.139,1.000
0.503,0.102,1.000
0.871,0.180,1.000
0.727,0.154,1.000
0.474,0.102,1.000
0.641,0.141,1.000
0.753,0.168,1.000
0.446,0.102,1.000
0.364,0.084,1.000
0.751,0.177,1.000
0.694,0.167,1.000
0.181,0.044,1.000
0.353,0.088,1.000
0.978,0.247,1.000
0.389,0.100,1.000
0.691,0.180,1.000
0.746,0.198,1.000
0.661,0.178,1.000
0.441,0.121,1.000
0.277,0.077,1.000
0.576,0.163,1.000
0.603,0.173,1.000
0.412,0.120,1.000
0.439,0.129,1.000
0.519,0.155,1.000
0.178,0.054,1.000
0.202,0.062,1.000
0.654,0.204,1.000
0.517,0.163,1.000
0.516,0.165,1.000
0.624,0.203,1.000
0.705,0.232,1.000
0.732,0.244,1.000
0.176,0.060,1.000
0.675,0.231,1.000
0.674,0.234,1.000
0.176,0.062,1.000
0.922,0.328,1.000
0.672,0.242,1.000
0.725,0.264,1.000
0.724,0.267,1.000
0.696,0.260,1.000
0.695,0.263,1.000
0.667,0.255,1.000
0.802,0.310,1.000
0.692,0.271,1.000
0.504,0.199,1.000
0.270,0.108,1.000
0.880,0.356,1.000
0.687,0.282,1.000
0.633,0.262,1.000
0.959,0.402,1.000
0.100,0.042,1.000
0.763,0.327,1.000
0.076,0.033,1.000
0.680,0.298,1.000
0.841,0.372,1.000
0.625,0.279,1.000
0.730,0.330,1.000
0.597,0.272,1.000
0.648,0.299,1.000
0.215,0.100,1.000
0.805,0.379,1.000
0.027,0.013,1.000
0.260,0.125,1.000
0.642,0.312,1.000
1.098,0.538,1.000
0.614,0.304,1.000
0.638,0.319,1.000
0.611,0.309,1.000
0.610,0.311,1.000
0.278,0.143,1.000
0.283,0.147,1.000
0.658,0.345,1.000
0.682,0.361,1.000
0.604,0.323,1.000
0.427,0.231,1.000
0.652,0.355,1.000
0.832,0.457,1.000
0.624,0.346,1.000
0.623,0.349,1.000
0.423,0.239,1.000
0.094,0.054,1.000
0.644,0.371,1.000
0.592,0.344,1.000
0.160,0.094,1.000
0.370,0.219,1.000
0.738,0.441,1.000
0.416,0.250,1.000
0.512,0.311,1.000
0.658,0.403,1.000
0.288,0.178,1.000
0.557,0.347,1.000
0.728,0.458,1.000
0.264,0.168,1.000
0.385,0.247,1.000
0.624,0.403,1.000
0.156,0.102,1.000
0.621,0.408,1.000
0.571,0.378,1.000
0.586,0.392,1.000
0.640,0.431,1.000
0.614,0.418,1.000
0.709,0.486,1.000
0.446,0.308,1.000
0.375,0.262,1.000
0.608,0.427,1.000
0.630,0.446,1.000
0.652,0.466,1.000
0.486,0.350,1.000
0.720,0.523,1.000
0.623,0.456,1.000
0.301,0.222,1.000
0.331,0.247,1.000
0.548,0.411,1.000
0.169,0.128,1.000
0.407,0.311,1.000
0.340,0.262,1.000
0.024,0.019,1.000
0.608,0.476,1.000
0.381,0.301,1.000
0.336,0.267,1.000
0.379,0.304,1.000
0.356,0.287,1.000
0.044,0.036,1.000
0.529,0.434,1.000
0.331,0.274,1.000
0.163,0.136,1.000
0.480,0.404,1.000
0.098,0.083,1.000
0.445,0.380,1.000
0.283,0.244,1.000
0.345,0.300,1.000
0.158,0.138,1.000
0.322,0.284,1.000
0.321,0.285,1.000
0.271,0.242,1.000
0.288,0.260,1.000
0.318,0.289,1.000
0.526,0.482,1.000
0.174,0.161,1.000
0.335,0.312,1.000
0.252,0.237,1.000
0.312,0.295,1.000
0.135,0.128,1.000
0.494,0.475,1.000
0.349,0.338,1.000
0.470,0.459,1.000
0.169,0.166,1.000
0.207,0.205,1.000
0.343,0.343,1.000
0.186,0.187,1.000
0.360,0.366,1.000
0.242,0.248,1.000
0.146,0.150,1.000
0.286,0.298,1.000
0.220,0.231,1.000
0.215,0.227,1.000
0.300,0.319,1.000
0.293,0.314,1.000
0.264,0.285,1.000
0.123,0.134,1.000
0.123,0.135,1.000
0.310,0.344,1.000
0.457,0.510,1.000
0.484,0.545,1.000
0.290,0.329,1.000
0.174,0.199,1.000
0.415,0.478,1.000
0.154,0.179,1.000
0.243,0.284,1.000
0.332,0.392,1.000
0.314,0.373,1.000
0.222,0.266,1.000
0.221,0.267,1.000
0.255,0.310,1.000
0.236,0.290,1.000
0.183,0.226,1.000
0.199,0.249,1.000
0.462,0.582,1.000
0.300,0.381,1.000
0.264,0.338,1.000
0.280,0.361,1.000
0.161,0.209,1.000
0.210,0.275,1.000
0.159,0.210,1.000
0.258,0.343,1.000
0.364,0.489,1.000
0.060,0.082,1.000
0.172,0.235,1.000
0.400,0.551,1.000
0.138,0.192,1.000
0.185,0.259,1.000
0.268,0.378,1.000
0.295,0.420,1.000
0.245,0.352,1.000
0.150,0.217,1.000
0.290,0.424,1.000
0.164,0.241,1.000
0.287,0.426,1.000
0.429,0.642,1.000
0.644,0.972,1.000
0.282,0.429,1.000
0.102,0.156,1.000
0.248,0.384,1.000
0.142,0.222,1.000
0.230,0.363,1.000
0.273,0.435,1.000
0.140,0.224,1.000
0.375,0.607,1.000
0.293,0.478,1.000
0.223,0.367,1.000
0.368,0.611,1.000
0.337,0.565,1.000
0.204,0.346,1.000
0.217,0.370,1.000
0.330,0.568,1.000
0.186,0.324,1.000
0.227,0.397,1.000
0.179,0.316,1.000
0.223,0.399,1.000
0.235,0.424,1.000
0.199,0.362,1.000
0.219,0.402,1.000
0.177,0.329,1.000
0.364,0.681,1.000
0.347,0.656,1.000
0.399,0.762,1.000
0.396,0.763,1.000
0.108,0.210,1.000
0.337,0.662,1.000
0.283,0.560,1.000
0.192,0.384,1.000
0.190,0.385,1.000
0.071,0.144,1.000
0.200,0.411,1.000
0.179,0.373,1.000
0.269,0.567,1.000
0.304,0.646,1.000
0.164,0.352,1.000
0.311,0.675,1.000
0.087,0.191,1.000
0.188,0.417,1.000
0.175,0.392,1.000
0.086,0.194,1.000
0.183,0.419,1.000
0.174,0.402,1.000
0.258,0.603,1.000
0.247,0.583,1.000
0.123,0.294,1.000
0.100,0.243,1.000
0.173,0.423,1.000
0.164,0.406,1.000
0.160,0.399,1.000
0.030,0.077,1.000
0.167,0.426,1.000
0.115,0.297,1.000
0.163,0.427,1.000
0.162,0.428,1.000
0.189,0.508,1.000
0.158,0.429,1.000
0.244,0.671,1.000
0.136,0.378,1.000
0.259,0.727,1.000
0.120,0.343,1.000
0.253,0.729,1.000
0.157,0.459,1.000
0.129,0.380,1.000
0.162,0.487,1.000
0.223,0.678,1.000
0.194,0.597,1.000
0.236,0.735,1.000
0.146,0.463,1.000
0.212,0.681,1.000
0.244,0.794,1.000
0.084,0.279,1.000
0.083,0.279,1.000
0.277,0.939,1.000
0.128,0.439,1.000
0.204,0.714,1.000
0.109,0.386,1.000
0.122,0.441,1.000
0.070,0.254,1.000
0.119,0.442,1.000
0.183,0.690,1.000
0.111,0.424,1.000
0.114,0.443,1.000
0.052,0.205,1.000
0.172,0.693,1.000
0.026,0.106,1.000
0.100,0.417,1.000
0.101,0.426,1.000
0.116,0.500,1.000
0.041,0.181,1.000
0.100,0.446,1.000
0.110,0.502,1.000
0.039,0.182,1.000
0.100,0.475,1.000
0.089,0.429,1.000
0.006,0.030,1.000
0.081,0.405,1.000
0.109,0.560,1.000
0.082,0.430,1.000
0.089,0.477,1.000
0.038,0.208,1.000
0.130,0.731,1.000
0.128,0.732,1.000
0.120,0.704,1.000
0.112,0.676,1.000
0.082,0.507,1.000
0.071,0.452,1.000
0.070,0.452,1.000
0.039,0.261,1.000
0.103,0.706,1.000
0.109,0.764,1.000
0.070,0.509,1.000
0.061,0.453,1.000
0.066,0.509,1.000
0.054,0.426,1.000
0.055,0.454,1.000
0.080,0.680,1.000
0.042,0.371,1.000
0.081,0.738,1.000
0.054,0.511,1.000
0.061,0.596,1.000
0.039,0.400,1.000
0.022,0.236,1.000
0.034,0.372,1.000
0.042,0.486,1.000
0.038,0.456,1.000
0.015,0.185,1.000
0.018,0.236,1.000
0.013,0.186,1.000
0.019,0.290,1.000
0.015,0.236,1.000
0.033,0.560,1.000
0.034,0.626,1.000
0.021,0.413,1.000
0.021,0.457,1.000
0.017,0.388,1.000
0.018,0.457,1.000
0.025,0.705,1.000
0.014,0.457,1.000
0.016,0.585,1.000
0.011,0.485,1.000
0.009,0.485,1.000
0.008,0.485,1.000
0.006,0.485,1.000
0.002,0.209,1.000
0.002,0.401,1.000
-0.000,0.401,1.000
-0.002,0.457,1.000
-0.002,0.209,1.000
-0.003,0.291,1.000
-0.004,0.264,1.000
-0.006,0.291,1.000
-0.015,0.633,1.000
-0.008,0.291,1.000
-0.014,0.457,1.000
-0.008,0.236,1.000
-0.013,0.318,1.000
-0.011,0.264,1.000
-0.023,0.485,1.000
-0.011,0.209,1.000
-0.013,0.236,1.000
-0.016,0.263,1.000
-0.017,0.263,1.000
-0.031,0.456,1.000
-0.026,0.373,1.000
-0.020,0.263,1.000
-0.016,0.209,1.000
-0.006,0.075,1.000
-0.020,0.236,1.000
-0.019,0.209,1.000
-0.064,0.678,1.000
-0.021,0.208,1.000
-0.024,0.235,1.000
-0.025,0.235,1.000
-0.011,0.101,1.000
-0.006,0.056,1.000
-0.009,0.075,1.000
-0.045,0.371,1.000
-0.082,0.652,1.000
-0.013,0.101,1.000
-0.088,0.652,1.000
-0.036,0.261,1.000
-0.022,0.154,1.000
-0.034,0.234,1.000
-0.073,0.482,1.000
-0.001,0.004,1.000
-0.147,0.928,1.000
-0.073,0.451,1.000
-0.135,0.812,1.000
-0.031,0.180,1.000
-0.005,0.030,1.000
-0.116,0.647,1.000
-0.023,0.126,1.000
-0.076,0.406,1.000
-0.006,0.030,1.000
-0.117,0.598,1.000
-0.016,0.081,1.000
-0.004,0.022,1.000
-0.129,0.620,1.000
-0.038,0.178,1.000
-0.173,0.805,1.000
-0.057,0.258,1.000
-0.085,0.379,1.000
-0.035,0.152,1.000
-0.025,0.106,1.000
-0.001,0.004,1.000
-0.005,0.022,1.000
-0.012,0.047,1.000
-0.031,0.125,1.000
-0.001,0.004,1.000
-0.012,0.047,1.000
-0.001,0.004,1.000
-0.015,0.055,1.000
-0.028,0.105,1.000
-0.006,0.021,1.000
-0.008,0.029,1.000
-0.006,0.021,1.000
-0.006,0.021,1.000
-0.016,0.054,1.000
-0.014,0.047,1.000
-0.022,0.072,1.000
-0.061,0.200,1.000
-0.017,0.054,1.000
-0.046,0.148,1.000
-0.025,0.079,1.000
-0.072,0.226,1.000
-0.058,0.177,1.000
-0.026,0.079,1.000
-0.223,0.669,1.000
-0.043,0.127,1.000
-0.027,0.078,1.000
-0.007,0.021,1.000
-0.001,0.004,1.000
-0.079,0.223,1.000
-0.010,0.029,1.000
-0.064,0.175,1.000
-0.073,0.199,1.000
-0.011,0.029,1.000
-0.011,0.028,1.000
-0.311,0.813,1.000
-0.067,0.173,1.000
-0.008,0.021,1.000
-0.050,0.125,1.000
-0.018,0.045,1.000
-0.060,0.149,1.000
-0.080,0.196,1.000
-0.081,0.196,1.000
-0.072,0.172,1.000
-0.002,0.004,1.000
-0.063,0.147,1.000
-0.084,0.194,1.000
-0.095,0.217,1.000
-0.086,0.194,1.000
-0.258,0.578,1.000
-0.415,0.919,1.000
-0.120,0.262,1.000
-0.024,0.051,1.000
-0.416,0.893,1.000
-0.002,0.004,1.000
-0.102,0.214,1.000
-0.136,0.282,1.000
-0.126,0.259,1.000
-0.059,0.121,1.000
-0.139,0.281,1.000
-0.461,0.922,1.000
-0.465,0.920,1.000
-0.073,0.143,1.000
-0.109,0.211,1.000
-0.098,0.188,1.000
-0.086,0.165,1.000
-0.099,0.187,1.000
-0.171,0.320,1.000
-0.027,0.050,1.000
-0.002,0.004,1.000
-0.127,0.230,1.000
-0.140,0.252,1.000
-0.015,0.027,1.000
-0.104,0.184,1.000
-0.143,0.250,1.000
-0.144,0.249,1.000
-0.119,0.205,1.000
-0.498,0.850,1.000
-0.108,0.182,1.000
-0.095,0.160,1.000
-0.016,0.026,1.000
-0.097,0.159,1.000
-0.124,0.202,1.000
-0.098,0.158,1.000
-0.219,0.351,1.000
-0.645,1.024,1.000
-0.100,0.157,1.000
-0.114,0.178,1.000
-0.620,0.961,1.000
-0.073,0.113,1.000
-0.254,0.387,1.000
-0.228,0.344,1.000
-0.132,0.197,1.000
-0.564,0.836,1.000
-0.246,0.362,1.000
-0.248,0.361,1.000
-0.277,0.401,1.000
-0.150,0.215,1.000
-0.721,1.026,1.000
-0.268,0.377,1.000
-0.211,0.296,1.000
-0.256,0.355,1.000
-0.258,0.354,1.000
-0.155,0.212,1.000
-0.376,0.509,1.000
-0.157,0.211,1.000
-0.263,0.350,1.000
-0.249,0.329,1.000
-0.236,0.309,1.000
-0.752,0.976,1.000
-0.161,0.207,1.000
-0.239,0.306,1.000
-0.749,0.950,1.000
-0.273,0.343,1.000
-0.258,0.322,1.000
-0.133,0.165,1.000
-0.277,0.340,1.000
-0.262,0.319,1.000
-0.279,0.337,1.000
-0.168,0.202,1.000
-0.779,0.926,1.000
-0.283,0.334,1.000
-0.348,0.408,1.000
-0.286,0.332,1.000
-0.319,0.368,1.000
-0.321,0.367,1.000
-0.290,0.329,1.000
-0.324,0.364,1.000
-0.439,0.490,1.000
-0.294,0.325,1.000
-0.426,0.468,1.000
-0.788,0.859,1.000
-0.463,0.500,1.000
-0.415,0.446,1.000
-0.948,1.009,1.000
-0.267,0.282,1.000
-0.285,0.299,1.000
-0.854,0.888,1.000
-0.322,0.332,1.000
-0.289,0.296,1.000
-0.444,0.451,1.000
-0.446,0.450,1.000
-0.275,0.275,1.000
-0.467,0.463,1.000
-0.277,0.272,1.000
-0.296,0.289,1.000
-0.489,0.474,1.000
-0.508,0.489,1.000
-0.441,0.420,1.000
-0.460,0.435,1.000
-1.010,0.948,1.000
-0.321,0.299,1.000
-0.465,0.430,1.000
-0.826,0.758,1.000
-0.522,0.474,1.000
-0.470,0.424,1.000
-0.525,0.470,1.000
-0.509,0.452,1.000
-0.908,0.800,1.000
-0.495,0.433,1.000
-0.460,0.399,1.000
-0.443,0.382,1.000
-0.500,0.427,1.000
-0.277,0.235,1.000
-0.466,0.392,1.000
-0.449,0.375,1.000
-0.507,0.419,1.000
-0.490,0.402,1.000
-0.547,0.445,1.000
-0.474,0.383,1.000
-0.945,0.756,1.000
-0.515,0.409,1.000
-0.573,0.451,1.000
-0.499,0.390,1.000
-0.538,0.417,1.000
-0.597,0.459,1.000
-1.169,0.892,1.000
-1.121,0.849,1.000
-0.545,0.409,1.000
-1.145,0.852,1.000
-0.586,0.433,1.000
-0.492,0.360,1.000
-0.571,0.414,1.000
-0.455,0.328,1.000
-0.515,0.368,1.000
-0.536,0.380,1.000
-0.518,0.364,1.000
-0.500,0.348,1.000
-0.461,0.319,1.000
-0.542,0.372,1.000
-0.524,0.356,1.000
-0.605,0.407,1.000
-1.293,0.864,1.000
-0.548,0.363,1.000
-0.570,0.374,1.000
-0.710,0.462,1.000
-1.217,0.786,1.000
-1.221,0.781,1.000
-0.474,0.300,1.000
-0.597,0.375,1.000
-0.517,0.322,1.000
-0.580,0.358,1.000
-1.162,0.712,1.000
-0.562,0.341,1.000
-0.563,0.339,1.000
-0.565,0.337,1.000
-1.155,0.683,1.000
-0.546,0.320,1.000
-0.568,0.330,1.000
-0.570,0.328,1.000
-0.550,0.314,1.000
-0.509,0.288,1.000
-1.393,0.780,1.000
-1.433,0.795,1.000
-0.742,0.408,1.000
-0.784,0.427,1.000
-0.579,0.312,1.000
-1.259,0.673,1.000
-0.602,0.319,1.000
-0.603,0.316,1.000
-0.562,0.292,1.000
-0.627,0.322,1.000
-0.650,0.331,1.000
-0.565,0.285,1.000
-0.567,0.283,1.000
-0.780,0.386,1.000
-1.205,0.590,1.000
-0.613,0.297,1.000
-0.784,0.376,1.000
-0.807,0.383,1.000
-1.464,0.688,1.000
-0.682,0.318,1.000
-0.619,0.285,1.000
-0.834,0.380,1.000
-0.577,0.261,1.000
-0.752,0.336,1.000
-1.247,0.551,1.000
-0.580,0.254,1.000
-0.820,0.355,1.000
-1.293,0.553,1.000
-0.715,0.303,1.000
-0.738,0.309,1.000
-0.761,0.315,1.000
-0.653,0.267,1.000
-0.806,0.326,1.000
-0.566,0.226,1.000
-0.722,0.286,1.000
-0.810,0.317,1.000
-0.833,0.322,1.000
-0.569,0.217,1.000
-0.792,0.299,1.000
-0.727,0.271,1.000
-0.617,0.227,1.000
-1.481,0.539,1.000
-0.775,0.279,1.000
-0.842,0.299,1.000
-1.347,0.473,1.000
-0.866,0.300,1.000
-1.491,0.510,1.000
-0.780,0.263,1.000
-0.847,0.282,1.000
-1.497,0.492,1.000
-0.783,0.254,1.000
-0.784,0.251,1.000
-0.785,0.248,1.000
-0.808,0.252,1.000
-0.787,0.242,1.000
-0.833,0.252,1.000
-0.607,0.181,1.000
-0.676,0.199,1.000
-1.533,0.445,1.000
-0.859,0.246,1.000
-0.882,0.249,1.000
-0.793,0.220,1.000
-0.772,0.211,1.000
-0.704,0.189,1.000
-0.863,0.229,1.000
-0.842,0.219,1.000
-1.526,0.392,1.000
-0.844,0.213,1.000
-0.822,0.204,1.000
-1.551,0.378,1.000
-0.913,0.219,1.000
-0.824,0.194,1.000
-0.825,0.191,1.000
-0.826,0.188,1.000
-0.826,0.185,1.000
-0.827,0.181,1.000
-0.851,0.183,1.000
-0.897,0.189,1.000
-1.032,0.213,1.000
-0.830,0.168,1.000
-0.808,0.160,1.000
-0.808,0.157,1.000
-1.589,0.303,1.000
-0.832,0.155,1.000
-0.833,0.152,1.000
-1.037,0.185,1.000
-0.811,0.141,1.000
-0.835,0.142,1.000
-0.766,0.127,1.000
-1.493,0.242,1.000
-0.996,0.157,1.000
-1.761,0.271,1.000
-0.974,0.146,1.000
-1.559,0.228,1.000
-1.560,0.222,1.000
-0.931,0.129,1.000
-1.067,0.143,1.000
-1.373,0.179,1.000
-1.112,0.140,1.000
-1.023,0.125,1.000
-0.910,0.107,1.000
-0.864,0.099,1.000
-0.842,0.093,1.000
-1.567,0.166,1.000
-0.819,0.084,1.000
-0.912,0.090,1.000
-1.733,0.163,1.000
-0.843,0.076,1.000
-0.867,0.075,1.000
-1.816,0.150,1.000
-0.937,0.073,1.000
-1.073,0.080,1.000
-0.960,0.068,1.000
-0.914,0.061,1.000
-0.868,0.054,1.000
-1.738,0.102,1.000
-1.052,0.058,1.000
-1.007,0.051,1.000
-1.780,0.084,1.000
-0.915,0.039,1.000
-0.869,0.034,1.000
-1.007,0.035,1.000
-0.776,0.024,1.000
-0.985,0.027,1.000
-1.031,0.024,1.000
-0.847,0.016,1.000
-1.053,0.016,1.000
-1.210,0.014,1.000
-1.054,0.008,1.000
-1.842,0.007,1.000
-1.121,-0.000,1.000
-1.031,-0.004,1.000
-1.781,-0.014,1.000
-1.031,-0.012,1.000
-1.076,-0.017,1.000
-0.962,-0.019,1.000
-1.053,-0.025,1.000
-1.030,-0.029,1.000
-0.799,-0.025,1.000
-1.030,-0.037,1.000
-0.985,-0.039,1.000
-1.820,-0.079,1.000
-1.164,-0.055,1.000
-1.075,-0.055,1.000
-0.892,-0.049,1.000
-1.029,-0.061,1.000
-1.006,-0.064,1.000
-0.983,-0.066,1.000
-0.914,-0.065,1.000
-1.736,-0.130,1.000
-0.867,-0.068,1.000
-1.095,-0.091,1.000
-1.714,-0.149,1.000
-0.958,-0.087,1.000
-1.913,-0.181,1.000
-1.026,-0.101,1.000
-0.772,-0.079,1.000
-1.092,-0.117,1.000
-1.811,-0.200,1.000
-1.024,-0.117,1.000
-1.069,-0.127,1.000
-1.788,-0.219,1.000
-1.045,-0.132,1.000
-1.045,-0.136,1.000
-1.746,-0.235,1.000
-1.785,-0.247,1.000
-1.065,-0.152,1.000
-1.042,-0.153,1.000
-1.240,-0.187,1.000
-1.063,-0.164,1.000
-1.799,-0.285,1.000
-1.107,-0.180,1.000
-1.017,-0.169,1.000
-1.016,-0.173,1.000
-1.038,-0.181,1.000
-1.489,-0.266,1.000
-1.036,-0.190,1.000
-1.731,-0.324,1.000
-1.013,-0.193,1.000
-1.012,-0.197,1.000
-1.807,-0.360,1.000
-0.943,-0.192,1.000
-1.032,-0.214,1.000
-1.880,-0.398,1.000
-1.030,-0.222,1.000
-1.117,-0.245,1.000
-0.984,-0.220,1.000
-1.093,-0.249,1.000
-1.004,-0.233,1.000
-1.263,-0.298,1.000
-1.450,-0.349,1.000
-1.711,-0.418,1.000
-1.022,-0.254,1.000
-1.021,-0.258,1.000
-0.976,-0.251,1.000
-0.997,-0.261,1.000
-1.212,-0.322,1.000
-1.017,-0.274,1.000
-1.699,-0.465,1.000
-1.037,-0.288,1.000
-1.228,-0.347,1.000
-1.185,-0.339,1.000
-1.225,-0.356,1.000
-1.203,-0.355,1.000
-1.510,-0.452,1.000
-1.073,-0.326,1.000
-1.007,-0.310,1.000
-1.218,-0.380,1.000
-1.175,-0.372,1.000
-1.194,-0.383,1.000
-1.193,-0.388,1.000
-1.253,-0.413,1.000
-1.897,-0.634,1.000
-0.890,-0.301,1.000
-0.932,-0.319,1.000
-1.664,-0.577,1.000
-1.487,-0.522,1.000
-1.284,-0.457,1.000
-1.599,-0.576,1.000
-1.074,-0.392,1.000
-1.156,-0.427,1.000
-1.154,-0.431,1.000
-0.964,-0.365,1.000
-0.942,-0.360,1.000
-1.004,-0.389,1.000
-1.168,-0.457,1.000
-1.656,-0.656,1.000
-1.616,-0.648,1.000
-0.955,-0.387,1.000
-0.975,-0.400,1.000
-1.015,-0.421,1.000
-0.951,-0.398,1.000
-1.733,-0.734,1.000
-1.133,-0.485,1.000
-1.191,-0.516,1.000
-1.149,-0.503,1.000
-0.943,-0.417,1.000
-1.003,-0.448,1.000
-1.605,-0.725,1.000
-0.938,-0.428,1.000
-1.038,-0.479,1.000
-1.137,-0.530,1.000
-1.095,-0.516,1.000
-1.152,-0.548,1.000
-1.363,-0.655,1.000
-1.029,-0.499,1.000
-1.007,-0.493,1.000
-1.104,-0.547,1.000
-1.161,-0.580,1.000
-1.715,-0.866,1.000
-1.078,-0.550,1.000
-0.937,-0.482,1.000
-1.617,-0.840,1.000
-1.032,-0.542,1.000
-0.971,-0.514,1.000
-0.909,-0.486,1.000
-0.806,-0.435,1.000
-1.101,-0.600,1.000
-1.137,-0.626,1.000
-0.941,-0.522,1.000
-1.151,-0.645,1.000
-0.976,-0.552,1.000
-0.895,-0.511,1.000
-1.087,-0.626,1.000
-1.523,-0.885,1.000
-0.928,-0.544,1.000
-1.060,-0.628,1.000
-0.807,-0.482,1.000
-0.999,-0.602,1.000
-1.091,-0.663,1.000
-1.069,-0.656,1.000
-1.685,-1.042,1.000
-1.319,-0.823,1.000
-1.024,-0.645,1.000
-1.114,-0.707,1.000
-1.075,-0.688,1.000
-1.072,-0.693,1.000
-1.676,-1.092,1.000
-1.472,-0.967,1.000
-0.802,-0.532,1.000
-1.024,-0.685,1.000
-1.003,-0.677,1.000
-1.055,-0.718,1.000
-1.034,-0.709,1.000
-0.773,-0.534,1.000
-1.445,-1.007,1.000
-0.917,-0.645,1.000
-1.005,-0.713,1.000
-0.857,-0.613,1.000
-1.000,-0.721,1.000
-1.032,-0.750,1.000
-1.421,-1.041,1.000
-0.991,-0.732,1.000
-0.988,-0.736,1.000
-0.878,-0.660,1.000
-1.532,-1.160,1.000
-0.837,-0.639,1.000
-0.994,-0.765,1.000
-1.407,-1.092,1.000
-1.005,-0.786,1.000
-0.880,-0.694,1.000
-0.930,-0.739,1.000
-0.961,-0.771,1.000
-0.802,-0.648,1.000
-0.869,-0.708,1.000
-0.726,-0.596,1.000
-0.966,-0.800,1.000
-0.946,-0.789,1.000
-0.943,-0.793,1.000
-1.511,-1.281,1.000
-0.920,-0.786,1.000
-1.426,-1.228,1.000
-1.078,-0.936,1.000
-0.944,-0.826,1.000
-0.790,-0.697,1.000
-0.787,-0.700,1.000
-0.934,-0.837,1.000
-0.865,-0.781,1.000
-1.494,-1.360,1.000
-0.924,-0.848,1.000
-1.278,-1.182,1.000
-0.836,-0.780,1.000
-0.751,-0.706,1.000
-0.911,-0.862,1.000
-0.875,-0.836,1.000
-0.888,-0.854,1.000
-0.885,-0.858,1.000
-0.865,-0.846,1.000
-0.878,-0.865,1.000
-0.937,-0.930,1.000
-1.400,-1.401,1.000
-1.297,-1.308,1.000
-0.864,-0.878,1.000
-0.814,-0.834,1.000
-0.873,-0.901,1.000
-0.869,-0.904,1.000
-1.257,-1.319,1.000
-0.832,-0.879,1.000
-0.858,-0.915,1.000
-0.855,-0.918,1.000
-0.851,-0.921,1.000
-0.818,-0.892,1.000
-0.961,-1.056,1.000
-0.825,-0.915,1.000
-1.308,-1.461,1.000
-1.129,-1.271,1.000
-0.829,-0.941,1.000
-0.825,-0.944,1.000
-0.793,-0.914,1.000
-0.818,-0.951,1.000
-0.800,-0.937,1.000
-0.825,-0.974,1.000
-0.807,-0.960,1.000
-0.817,-0.980,1.000
-1.312,-1.587,1.000
-0.781,-0.953,1.000
-1.213,-1.491,1.000
-0.662,-0.820,1.000
-0.798,-0.996,1.000
-0.766,-0.965,1.000
-0.776,-0.985,1.000
-0.772,-0.988,1.000
-0.768,-0.991,1.000
-0.615,-0.799,1.000
-0.598,-0.783,1.000
-0.608,-0.804,1.000
-0.779,-1.038,1.000
-1.183,-1.589,1.000
-0.732,-0.991,1.000
-0.741,-1.012,1.000
-0.737,-1.015,1.000
-0.720,-1.000,1.000
-0.625,-0.876,1.000
-0.763,-1.077,1.000
-0.593,-0.844,1.000
-0.704,-1.011,1.000
-0.599,-0.867,1.000
-1.007,-1.470,1.000
-1.102,-1.622,1.000
-0.576,-0.855,1.000
-0.560,-0.838,1.000
-0.607,-0.916,1.000
-0.566,-0.862,1.000
-0.537,-0.826,1.000
-1.063,-1.648,1.000
-1.003,-1.569,1.000
-0.600,-0.947,1.000
-0.916,-1.457,1.000
-0.652,-1.046,1.000
-0.648,-1.048,1.000
-0.644,-1.051,1.000
-0.523,-0.862,1.000
-0.508,-0.844,1.000
-0.902,-1.513,1.000
-0.559,-0.946,1.000
-0.498,-0.850,1.000
-0.608,-1.047,1.000
-0.514,-0.894,1.000
-0.533,-0.935,1.000
-0.866,-1.534,1.000
-0.503,-0.900,1.000
-0.989,-1.784,1.000
-0.868,-1.579,1.000
-0.536,-0.985,1.000
-0.500,-0.927,1.000
-0.549,-1.028,1.000
-0.471,-0.891,1.000
-0.468,-0.893,1.000
-0.496,-0.955,1.000
-0.573,-1.115,1.000
-0.488,-0.959,1.000
-0.464,-0.920,1.000
-0.409,-0.820,1.000
-0.457,-0.924,1.000
-0.463,-0.946,1.000
-0.759,-1.567,1.000
-0.466,-0.970,1.000
-0.442,-0.931,1.000
-0.439,-0.933,1.000
-0.357,-0.768,1.000
-0.422,-0.916,1.000
-0.428,-0.938,1.000
-0.424,-0.940,1.000
-0.411,-0.921,1.000
-0.426,-0.964,1.000
-0.385,-0.882,1.000
-0.418,-0.967,1.000
-0.528,-1.233,1.000
-0.402,-0.949,1.000
-0.476,-1.137,1.000
-0.368,-0.889,1.000
-0.356,-0.869,1.000
-0.344,-0.849,1.000
-0.416,-1.041,1.000
-0.379,-0.959,1.000
-0.375,-0.960,1.000
-0.576,-1.489,1.000
-0.592,-1.550,1.000
-0.372,-0.986,1.000
-0.360,-0.966,1.000
-0.559,-1.518,1.000
-0.314,-0.861,1.000
-0.349,-0.970,1.000
-0.322,-0.907,1.000
-0.356,-1.015,1.000
-0.330,-0.953,1.000
-0.413,-1.207,1.000
-0.470,-1.393,1.000
-0.333,-0.999,1.000
-0.329,-1.001,1.000
-0.325,-1.002,1.000
-0.321,-1.003,1.000
-0.324,-1.026,1.000
-0.327,-1.049,1.000
-0.303,-0.985,1.000
-0.272,-0.899,1.000
-0.457,-1.530,1.000
-0.239,-0.812,1.000
-0.319,-1.098,1.000
-0.283,-0.991,1.000
-0.267,-0.948,1.000
-0.208,-0.748,1.000
-0.421,-1.540,1.000
-0.404,-1.501,1.000
-0.252,-0.952,1.000
-0.231,-0.887,1.000
-0.262,-1.021,1.000
-0.269,-1.065,1.000
-0.254,-1.023,1.000
-0.244,-1.002,1.000
-0.235,-0.980,1.000
-0.200,-0.847,1.000
-0.196,-0.848,1.000
-0.198,-0.871,1.000
-0.179,-0.804,1.000
-0.181,-0.827,1.000
-0.221,-1.030,1.000
-0.208,-0.986,1.000
-0.227,-1.098,1.000
-0.209,-1.033,1.000
-0.151,-0.761,1.000
-0.144,-0.739,1.000
-0.158,-0.832,1.000
-0.151,-0.809,1.000
-0.152,-0.833,1.000
-0.302,-1.694,1.000
-0.185,-1.060,1.000
-0.181,-1.061,1.000
-0.176,-1.062,1.000
-0.298,-1.838,1.000
-0.129,-0.813,1.000
-0.136,-0.883,1.000
-0.129,-0.860,1.000
-0.126,-0.861,1.000
-0.148,-1.043,1.000
-0.119,-0.862,1.000
-0.245,-1.826,1.000
-0.280,-2.156,1.000
-0.106,-0.840,1.000
-0.105,-0.864,1.000
-0.118,-1.001,1.000
-0.096,-0.841,1.000
-0.090,-0.818,1.000
-0.089,-0.842,1.000
-0.114,-1.115,1.000
-0.096,-0.981,1.000
-0.079,-0.843,1.000
-0.070,-0.773,1.000
-0.075,-0.867,1.000
-0.064,-0.774,1.000
-0.077,-0.982,1.000
-0.117,-1.571,1.000
-0.111,-1.572,1.000
-0.055,-0.821,1.000
-0.064,-1.029,1.000
-0.045,-0.775,1.000
-0.041,-0.752,1.000
-0.044,-0.869,1.000
-0.060,-1.275,1.000
-0.071,-1.657,1.000
-0.061,-1.575,1.000
-0.030,-0.869,1.000
-0.026,-0.846,1.000
-0.024,-0.870,1.000
-0.024,-1.031,1.000
-0.015,-0.800,1.000
-0.013,-0.847,1.000
-0.018,-1.597,1.000
-0.012,-1.597,1.000
-0.003,-0.753,1.000
0.000,-1.031,1.000
0.004,-0.870,1.000
0.007,-0.893,1.000
0.019,-1.555,1.000
0.012,-0.776,1.000
0.017,-0.846,1.000
0.022,-0.916,1.000
0.044,-1.575,1.000
0.032,-1.008,1.000
0.037,-1.030,1.000
0.034,-0.869,1.000
0.036,-0.823,1.000
0.076,-1.595,1.000
0.080,-1.553,1.000
0.046,-0.822,1.000
0.052,-0.868,1.000
0.065,-1.029,1.000
0.057,-0.845,1.000
0.062,-0.868,1.000
0.077,-1.028,1.000
0.081,-1.028,1.000
0.072,-0.867,1.000
0.138,-1.591,1.000
0.141,-1.548,1.000
0.080,-0.843,1.000
0.101,-1.026,1.000
0.077,-0.749,1.000
0.167,-1.567,1.000
0.096,-0.865,1.000
0.099,-0.864,1.000
0.100,-0.841,1.000
0.192,-1.564,1.000
0.080,-0.628,1.000
0.119,-0.909,1.000
0.107,-0.793,1.000
0.142,-1.021,1.000
0.129,-0.907,1.000
0.241,-1.641,1.000
0.219,-1.454,1.000
0.133,-0.860,1.000
0.122,-0.767,1.000
0.102,-0.625,1.000
0.139,-0.835,1.000
0.146,-0.858,1.000
0.146,-0.834,1.000
0.145,-0.810,1.000
0.148,-0.810,1.000
0.255,-1.361,1.000
0.155,-0.809,1.000
0.121,-0.622,1.000
0.124,-0.621,1.000
0.276,-1.357,1.000
0.177,-0.852,1.000
0.166,-0.783,1.000
0.169,-0.782,1.000
0.306,-1.394,1.000
0.185,-0.826,1.000
0.199,-0.871,1.000
0.191,-0.825,1.000
0.189,-0.801,1.000
0.329,-1.367,1.000
0.218,-0.890,1.000
0.187,-0.753,1.000
0.392,-1.548,1.000
0.318,-1.236,1.000
0.220,-0.842,1.000
0.163,-0.612,1.000
0.214,-0.795,1.000
0.161,-0.588,1.000
0.157,-0.564,1.000
0.230,-0.815,1.000
0.181,-0.632,1.000
0.177,-0.608,1.000
0.266,-0.901,1.000
0.236,-0.789,1.000
0.163,-0.537,1.000
0.194,-0.628,1.000
0.488,-1.564,1.000
0.256,-0.807,1.000
0.164,-0.511,1.000
0.240,-0.738,1.000
0.213,-0.647,1.000
0.216,-0.646,1.000
0.195,-0.577,1.000
0.205,-0.599,1.000
0.323,-0.931,1.000
0.226,-0.643,1.000
0.479,-1.345,1.000
0.207,-0.573,1.000
0.306,-0.839,1.000
0.269,-0.728,1.000
0.213,-0.571,1.000
0.224,-0.592,1.000
0.226,-0.591,1.000
0.229,-0.591,1.000
0.513,-1.309,1.000
0.242,-0.611,1.000
0.245,-0.610,1.000
0.576,-1.421,1.000
0.249,-0.608,1.000
0.306,-0.739,1.000
0.476,-1.136,1.000
0.358,-0.844,1.000
0.240,-0.560,1.000
0.559,-1.290,1.000
0.581,-1.327,1.000
0.227,-0.513,1.000
0.259,-0.578,1.000
0.271,-0.599,1.000
0.273,-0.598,1.000
0.275,-0.597,1.000
0.247,-0.530,1.000
0.249,-0.529,1.000
0.220,-0.462,1.000
0.505,-1.051,1.000
0.287,-0.591,1.000
0.268,-0.547,1.000
0.302,-0.611,1.000
0.305,-0.609,1.000
0.624,-1.236,1.000
0.385,-0.754,1.000
0.279,-0.542,1.000
0.259,-0.498,1.000
0.306,-0.582,1.000
0.308,-0.581,1.000
0.310,-0.580,1.000
0.678,-1.256,1.000
0.326,-0.598,1.000
0.282,-0.513,1.000
0.319,-0.575,1.000
0.298,-0.531,1.000
0.417,-0.737,1.000
0.278,-0.487,1.000
0.181,-0.315,1.000
0.208,-0.357,1.000
0.381,-0.649,1.000
0.347,-0.586,1.000
0.225,-0.376,1.000
0.175,-0.290,1.000
0.341,-0.562,1.000
0.331,-0.540,1.000
0.230,-0.372,1.000
0.399,-0.639,1.000
0.749,-1.190,1.000
0.340,-0.535,1.000
0.276,-0.431,1.000
0.291,-0.450,1.000
0.226,-0.346,1.000
0.749,-1.139,1.000
0.337,-0.508,1.000
0.379,-0.566,1.000
0.798,-1.184,1.000
0.397,-0.583,1.000
0.177,-0.258,1.000
0.360,-0.521,1.000
0.792,-1.136,1.000
0.195,-0.277,1.000
0.282,-0.398,1.000
0.240,-0.336,1.000
0.772,-1.070,1.000
0.301,-0.414,1.000
0.332,-0.452,1.000
0.362,-0.490,1.000
0.393,-0.527,1.000
0.203,-0.270,1.000
0.744,-0.982,1.000
0.266,-0.348,1.000
0.871,-1.131,1.000
0.207,-0.267,1.000
0.270,-0.345,1.000
0.844,-1.070,1.000
0.349,-0.439,1.000
0.396,-0.494,1.000
0.413,-0.511,1.000
0.245,-0.301,1.000
0.432,-0.527,1.000
0.279,-0.337,1.000
0.761,-0.912,1.000
0.234,-0.278,1.000
0.299,-0.353,1.000
0.252,-0.295,1.000
0.286,-0.332,1.000
0.189,-0.217,1.000
0.289,-0.330,1.000
0.844,-0.957,1.000
0.308,-0.346,1.000
0.390,-0.436,1.000
0.294,-0.325,1.000
0.426,-0.468,1.000
0.477,-0.520,1.000
0.700,-0.757,1.000
0.366,-0.392,1.000
0.351,-0.373,1.000
0.267,-0.282,1.000
0.285,-0.299,1.000
0.304,-0.316,1.000
0.288,-0.297,1.000
0.289,-0.296,1.000
0.184,-0.187,1.000
0.274,-0.276,1.000
0.362,-0.362,1.000
0.311,-0.308,1.000
0.878,-0.864,1.000
0.866,-0.845,1.000
0.261,-0.253,1.000
0.334,-0.321,1.000
0.281,-0.268,1.000
0.911,-0.862,1.000
0.154,-0.145,1.000
0.375,-0.349,1.000
0.873,-0.806,1.000
0.908,-0.833,1.000
0.397,-0.361,1.000
0.288,-0.260,1.000
0.326,-0.292,1.000
0.346,-0.307,1.000
0.291,-0.257,1.000
0.311,-0.272,1.000
0.387,-0.335,1.000
0.951,-0.818,1.000
0.371,-0.316,1.000
0.353,-0.299,1.000
0.737,-0.619,1.000
0.143,-0.119,1.000
0.299,-0.247,1.000
0.104,-0.085,1.000
0.835,-0.679,1.000
0.341,-0.275,1.000
0.165,-0.132,1.000
0.343,-0.272,1.000
0.383,-0.302,1.000
0.345,-0.270,1.000
0.167,-0.130,1.000
0.406,-0.312,1.000
0.962,-0.734,1.000
0.947,-0.717,1.000
0.331,-0.248,1.000
0.231,-0.172,1.000
0.150,-0.110,1.000
0.353,-0.259,1.000
0.171,-0.124,1.000
0.151,-0.109,1.000
0.356,-0.255,1.000
0.337,-0.239,1.000
1.080,-0.758,1.000
0.993,-0.692,1.000
0.299,-0.206,1.000
0.279,-0.191,1.000
0.217,-0.148,1.000
0.197,-0.132,1.000
0.069,-0.046,1.000
0.155,-0.103,1.000
0.047,-0.031,1.000
0.156,-0.101,1.000
0.221,-0.142,1.000
0.113,-0.072,1.000
0.616,-0.390,1.000
0.157,-0.099,1.000
0.136,-0.085,1.000
0.223,-0.138,1.000
0.202,-0.124,1.000
0.246,-0.149,1.000
0.203,-0.122,1.000
0.204,-0.121,1.000
0.226,-0.134,1.000
0.357,-0.209,1.000
0.042,-0.024,1.000
0.894,-0.514,1.000
0.206,-0.117,1.000
0.004,-0.002,1.000
0.718,-0.402,1.000
0.066,-0.036,1.000
0.050,-0.027,1.000
0.004,-0.002,1.000
0.186,-0.100,1.000
0.020,-0.010,1.000
0.004,-0.002,1.000
0.953,-0.499,1.000
0.004,-0.002,1.000
0.020,-0.010,1.000
0.189,-0.096,1.000
0.020,-0.010,1.000
0.143,-0.072,1.000
0.027,-0.013,1.000
0.044,-0.021,1.000
0.004,-0.002,1.000
0.191,-0.092,1.000
0.890,-0.423,1.000
0.068,-0.032,1.000
0.028,-0.013,1.000
0.051,-0.024,1.000
0.193,-0.088,1.000
0.004,-0.002,1.000
0.020,-0.009,1.000
0.901,-0.398,1.000
0.052,-0.023,1.000
0.028,-0.012,1.000
0.020,-0.009,1.000
0.028,-0.012,1.000
0.045,-0.019,1.000
0.020,-0.008,1.000
0.052,-0.021,1.000
0.763,-0.309,1.000
0.004,-0.002,1.000
0.070,-0.028,1.000
0.021,-0.008,1.000
0.045,-0.018,1.000
0.196,-0.075,1.000
0.021,-0.008,1.000
0.029,-0.011,1.000
0.121,-0.044,1.000
0.707,-0.257,1.000
0.004,-0.001,1.000
0.197,-0.070,1.000
0.223,-0.078,1.000
0.004,-0.001,1.000
0.954,-0.326,1.000
0.004,-0.001,1.000
0.054,-0.018,1.000
0.152,-0.050,1.000
0.805,-0.261,1.000
0.174,-0.056,1.000
0.763,-0.241,1.000
0.304,-0.095,1.000
0.123,-0.038,1.000
0.097,-0.030,1.000
0.004,-0.001,1.000
0.227,-0.067,1.000
0.004,-0.001,1.000
0.029,-0.008,1.000
0.563,-0.159,1.000
0.633,-0.176,1.000
0.228,-0.062,1.000
0.021,-0.006,1.000
0.176,-0.047,1.000
0.566,-0.147,1.000
0.203,-0.052,1.000
0.080,-0.020,1.000
0.615,-0.152,1.000
0.230,-0.056,1.000
0.099,-0.024,1.000
0.151,-0.036,1.000
0.204,-0.047,1.000
0.803,-0.182,1.000
0.231,-0.052,1.000
0.178,-0.039,1.000
0.231,-0.050,1.000
0.231,-0.049,1.000
0.232,-0.048,1.000
0.259,-0.052,1.000
0.259,-0.051,1.000
0.206,-0.040,1.000
0.855,-0.163,1.000
0.179,-0.033,1.000
0.599,-0.109,1.000
0.576,-0.103,1.000
0.287,-0.050,1.000
0.534,-0.091,1.000
0.180,-0.030,1.000
0.004,-0.001,1.000
0.479,-0.076,1.000
0.288,-0.044,1.000
0.433,-0.065,1.000
0.180,-0.026,1.000
0.315,-0.045,1.000
0.531,-0.073,1.000
0.181,-0.024,1.000
0.594,-0.077,1.000
0.128,-0.016,1.000
0.484,-0.059,1.000
0.154,-0.018,1.000
0.235,-0.027,1.000
0.208,-0.023,1.000
0.289,-0.031,1.000
0.558,-0.057,1.000
0.630,-0.062,1.000
0.128,-0.012,1.000
0.596,-0.054,1.000
0.461,-0.040,1.000
0.155,-0.013,1.000
0.209,-0.016,1.000
0.263,-0.020,1.000
0.209,-0.015,1.000
0.209,-0.014,1.000
0.456,-0.029,1.000
0.457,-0.027,1.000
0.485,-0.026,1.000
0.487,-0.025,1.000
0.633,-0.030,1.000
0.457,-0.020,1.000
0.346,-0.013,1.000
0.457,-0.016,1.000
0.429,-0.013,1.000
0.457,-0.012,1.000
0.485,-0.011,1.000
0.599,-0.012,1.000
0.338,-0.005,1.000
0.438,-0.005,1.000
0.514,-0.004,1.000
0.237,-0.001,1.000
